2035
0979
0606
1094
0156
1103
1185
0432
0946
0503
2143
1745
0327
1421
1710
0106
1697
1845
0484
0050
1208
0987
2055
1957
0744
1482
2032
0760
1920
1318
1036
1425
0899
0700
1057
0732
1930
1383
0359
1327
1055
0638
1962
1632
1038
1733
0702
1338
0528
1807
1669
1935
2029
0037
0785
1095
2219
2051
0116
0433
0275
0112
0497
1665
0219
0281
0456
0936
0141
1051
0880
1511
1060
1340
0041
0212
1132
1264
1689
1722
0887
2179
1025
1827
0624
0033
0134
0489
0077
2206
1225
1214
1106
0943
0881
0197
0328
1319
1843
1737
1150
0820
1540
2170
1626
1456
2261
0104
0382
2276
2132
1360
1877
0023
1973
0009
1328
0181
1857
0469
0790
0154
1181
0983
1982
0217
1531
1087
0653
0206
0466
1987
0229
0500
2233
1261
2154
0047
0474
0567
0748
2090
1574
0547
0348
1030
0013
2110
0171
1188
0967
1616
0240
1416
0721
1191
0954
0125
0921
1844
1860
1767
1667
1175
1119
0441
0945
0100
1630
2157
2147
0729
0637
1445
2087
0561
2045
0539
1499
2058
0973
1587
0961
0853
0768
0686
0743
1278
2071
1256
0096
1762
0558
1805
0589
2019
0227
1658
0805
1656
2009
1107
0521
1476
1207
1572
1139
1356
0347
0502
1130
0501
1402
0582
0886
1209
1521
0806
1852
0109
0147
0357
1040
1229
0241
1257
0440
2134
1942
0504
1044
1911
1610
1064
0667
0960
0907
0378
1715
2008
1556
1375
0224
2161
0144
1750
0239
0302
0628
0536
1394
1925
1228
0180
0143
1165
1386
2187
1156
0407
0030
0404
1047
1652
1411
0436
0343
1581
1081
1687
1904
2021
2150
0879
1396
2089
2148
1104
1007
0896
1088
0997
0663
1113
0976
0519
2015
0387
1418
1177
1576
1407
0513
0935
0942
2105
1874
0384
1693
0712
2274
0458
0290
0226
0088
0199
0421
1601
0011
1796
0868
0225
1975
0312
0560
1292
1683
0799
0340
1803
0514
1563
0858
0379
0118
2194
1033
1009
1205
1153
0829
2269
0565
0870
1237
0550
1213
0044
0862
0398
0778
1397
1252
1186
0309
1997
0306
0105
1458
1527
0857
0434
1783
0659
1751
0076
0634
0913
1071
1419
0381
0369
0953
1675
0819
1880
0194
0121
2011
0285
1865
0830
0746
1479
0170
0774
1763
1992
2073
1736
1254
1586
1918
1892
1368
0148
1526
1442
1498
1377
0070
0595
0999
1290
2152
1754
1391
0464
0071
1784
0918
2121
0218
0636
1048
0950
1473
0890
2203
2075
1357
2128
1565
1231
2216
1595
0183
2141
2113
0068
1631
1921
1837
2094
0793
0815
1460
1388
1492
0221
1379
1514
1654
1503
1900
1409
2086
1315
1423
1813
0132
1138
1950
2052
0695
0733
0462
0393
0184
1415
1461
0548
0189
1552
2240
0516
1367
1897
1314
2091
1539
0496
0642
1266
0591
0237
0499
1882
1444
0635
2253
0202
2044
2165
1325
0989
0552
1778
1995
0680
0668
1908
0450
2038
1633
2010
1906
0409
1894
0575
0313
1781
1777
1116
1826
1043
2180
1372
1817
1855
1123
0191
0270
1428
2133
0759
1090
1485
0298
0472
1607
1307
0246
1092
1558
1643
0849
1045
1584
2238
0592
0609
1457
2226
0075
0410
1828
1275
0555
0938
0254
0341
1919
0429
1017
2268
0689
2030
0115
0049
1210
1455
0523
0332
1158
0644
0153
0177
1680
0006
2273
0605
1720
0142
1742
1169
0841
1709
0767
0684
1167
0908
1385
2190
2111
0232
1224
0847
1236
1899
0337
0941
0821
0701
1519
0151
0562
1622
0872
2119
1426
2222
2218
1971
1972
1739
0737
0101
1958
1142
0924
1448
0951
0029
1964
0412
0549
0931
0956
0669
1548
1509
1523
1474
2156
1381
2196
0994
0360
0027
0127
1960
0632
0066
1681
1644
1118
0622
1135
1772
1122
1682
1052
1127
2082
1929
1645
0791
0056
2217
1647
1358
1611
1354
2183
1182
1506
0064
0424
1032
0894
0715
0998
2070
0718
1484
0024
0325
1401
1091
1878
1986
1650
0344
2036
2236
0361
0623
1945
0107
1636
0003
0352
1478
2237
0871
2060
0570
2056
1580
1886
1037
1868
1620
0245
1926
1980
1686
0198
1716
2112
1110
0525
1490
0182
1082
1614
0764
1672
2093
0460
2204
0468
0530
2200
0260
1891
1794
0207
1871
1600
1933
1024
1337
1331
1788
0185
0397
0828
1678
0569
0859
1083
0048
0658
0493
0138
1512
1642
2042
1280
0314
2078
0152
1286
0846
1549
0417
2164
0844
0901
0993
1854
1840
0323
1196
0483
1666
1304
1717
1178
0196
0888
2245
0835
2220
1206
1427
1743
0139
1171
0486
1848
0025
2186
1470
1347
1148
2088
1085
0364
1562
1525
1362
0714
0399
0690
0916
0651
1162
0949
0408
1696
1173
0012
0995
0031
1888
1069
1725
1080
1003
2213
1790
1023
1768
1270
0650
0437
1691
0452
0169
1573
0103
1184
1221
1795
1641
1382
1152
0459
0587
0080
1838
1809
1475
1159
1430
0586
2250
1983
0749
1050
1012
1262
1100
1054
1764
0200
0962
0163
0958
0371
1907
0234
0779
0824
0818
2115
1522
2023
0576
2229
1671
1662
1441
0577
1345
0719
1322
0804
1223
1238
0769
1041
2254
1510
1628
0912
1704
0195
1529
0326
1481
0540
0551
2231
1258
2109
0926
0893
0439
1613
1896
0991
0273
0446
2168
1923
1741
0557
1424
1332
0517
0113
1260
1629
1183
0675
0065
1293
2102
1916
1364
1371
0435
2046
0072
0193
1216
0927
0264
1544
2120
1283
0681
1146
0974
1873
0350
1608
1287
1753
1161
1477
1422
0002
1412
1269
1830
0972
0802
0507
2098
1533
1016
1705
0372
0353
1516
0579
2243
1730
1384
2059
0840
0766
1842
0339
1968
0922
1324
1108
1134
2173
0963
0546
0738
1452
1486
1589
0825
2191
1938
1495
0214
1569
1491
0396
1833
1554
0542
1831
2127
2057
1404
0297
0952
0795
0720
0596
1599
1466
1728
1101
2159
0280
0022
1348
1468
0355
2079
0123
2144
2263
0467
0040
1937
1670
0269
0566
2221
1267
1699
0036
2126
0564
0296
0923
0544
1924
2258
0403
0968
0505
1096
0277
1031
0415
1534
2223
1298
1731
0520
1204
0470
1657
0688
1859
0367
1217
1501
0038
1420
1719
0641
0028
0386
0751
2064
2209
0349
0259
0083
0308
0937
0213
1808
1887
2003
0346
1724
0506
0362
0487
0676
0164
1316
1989
1026
1575
1137
0800
2255
0252
0086
1663
0541
0839
2083
0784
1955
0674
1126
0639
0734
1561
1317
1453
0444
0279
0866
0707
1810
1342
1543
1496
1105
0093
0495
1564
1909
1006
0046
1115
1851
0120
0730
0035
0625
0333
1219
0533
0463
1489
0703
1189
2080
1879
1310
0122
2033
0598
2130
1326
0823
1136
0531
2140
0643
0985
1014
1263
1187
0026
0633
1240
1361
1883
2006
0054
0222
1834
1688
1281
1154
2104
1513
0482
1197
1596
1761
0278
2040
1046
0363
0318
0811
1967
0052
2017
0672
1034
1545
1815
0282
0351
1721
2107
2212
1749
0671
0630
2230
0133
1218
0454
0578
1853
1770
1588
1405
1170
2283
0250
1297
0878
1056
1759
2037
1282
2178
2169
1400
0354
1200
1869
0034
0475
0559
1889
1099
1451
1053
2201
0608
1227
1109
0585
1141
0220
0891
0655
1677
0572
0263
1302
1335
2235
0370
1797
0808
1145
2061
0158
0903
0438
0848
0315
0203
0494
1341
1244
0242
0902
1212
1735
0845
0098
0898
1352
1323
1990
0149
1131
0627
1637
0492
0705
1755
1978
2096
1059
0640
0618
0515
2175
0385
0709
1075
0430
0165
1566
0390
0091
1070
0060
1862
0666
0934
1098
0662
0654
0176
1242
0210
1246
0696
0395
1559
1910
1143
0813
1247
0455
0877
1881
0288
1568
1399
1334
2124
2048
1351
0090
1863
0545
1941
1349
0975
1738
1004
0932
1537
2197
1121
1799
0111
1856
1703
0724
0583
1049
2004
1255
0610
1251
0478
0356
0117
0745
1917
1502
2266
1774
1752
0102
1202
0419
0900
1414
1890
2160
1951
0876
0797
0716
1355
1560
0428
0265
0648
1074
2262
0917
1816
1999
1806
2145
0345
1789
0677
1782
0889
1771
0392
0590
1174
1713
0465
1547
2000
1429
0008
1272
2260
1976
1970
2062
0810
0167
0137
1079
1582
0801
1440
2118
0053
0442
1273
0108
1839
0293
0615
0910
1673
2074
1010
1821
2116
1002
1557
2228
2125
0969
1454
0726
2050
1369
2053
0286
0959
1507
0822
0782
0247
1570
0322
2208
1288
1164
1487
0906
0599
2028
0827
2146
1300
0842
1685
1089
0431
1624
1465
1773
0276
2151
0580
1760
1948
0140
0335
0511
1776
0243
1824
1538
1617
0538
1579
1702
0175
1220
0402
1378
0581
0725
1820
0209
1571
0812
1192
1078
1867
1866
1748
1793
2279
0554
0248
2047
1801
0574
0831
1114
2163
2122
1389
0190
0966
0869
1604
1248
1117
0617
1289
0235
0612
0448
0016
0947
1268
0920
1432
0004
0604
1488
0990
0178
1306
1294
0948
0728
1508
1956
0698
0929
2158
0358
0885
0864
1483
2137
2092
1515
0316
1410
1241
2020
0230
0568
1947
0380
0187
1695
1567
0762
0418
2181
0657
1598
0018
0837
2069
0119
1084
2199
0757
2142
2065
0509
1800
0727
1305
0611
1612
1211
0292
0854
2195
0614
1619
1520
2162
1439
2076
1905
0043
1232
0271
0095
1359
0860
1998
2278
1542
0485
0498
1042
0647
0457
0257
0301
0772
0321
1959
2215
1093
0211
2281
1215
0377
0670
1303
1133
1661
2174
0970
1928
0742
0427
2249
0267
0529
1449
0706
0977
0231
0930
2247
0291
0477
2054
2114
1413
0756
1966
0015
1532
0253
1500
2234
1350
0420
2097
1994
0294
2002
2049
0750
2189
0021
0365
0713
0708
2066
1417
0736
1804
0145
0722
0161
0518
1480
0665
1018
0062
0855
1406
0883
0915
0063
1504
1811
1585
0851
1946
0129
0852
1875
0173
0865
1160
0873
0299
0233
0626
2013
0861
1073
1707
1775
1979
1285
2100
1981
0471
1944
1172
1166
1366
2252
2123
0524
2185
0082
0092
0155
1668
1984
0731
0933
0391
1550
2257
0911
0803
1602
0079
0388
1609
1903
0249
2244
1528
2265
1638
0794
1940
1898
0607
1274
1462
1398
1936
2034
1985
1295
1259
0957
1436
1250
0124
0228
1005
1593
1591
1605
1727
0400
0710
1330
1125
1434
0216
2129
1291
0272
1265
1758
2184
2177
1706
1594
2198
0208
0097
2001
0792
0955
1253
1818
0843
0723
1660
0311
1431
1380
0168
2135
1233
1008
0289
1757
1943
1977
0114
0685
1700
1494
0588
0490
0261
2014
2106
0128
0786
2277
0787
0836
1583
0621
1690
0537
1011
1915
0682
0522
1168
1039
2275
0373
1518
2077
1346
0042
2193
2027
0479
1201
2007
0796
1621
1732
0988
1692
0856
1226
1097
1902
0423
1546
1931
1822
0157
1230
1553
2280
1649
1627
1390
2172
1176
0069
1029
1086
2239
1035
0761
0944
1344
1841
0305
1640
2232
1766
0678
1901
1729
1555
0032
0616
2024
0268
0461
1802
0081
1780
1058
1961
2043
2211
0964
1653
1447
1471
0603
1194
0777
1726
0320
1606
2227
0527
1791
1847
1076
0073
0660
1676
0652
1530
1446
0697
0020
0449
