0 464.78224734678395 312.08500895736165 487.8756735343452 328.92276613935167 400.8177526532161 448.3249910426383 377.7243264656548 431.4872338606483
0 377.7662792195079 732.588541665971 401.7444001100934 742.1657081862143 347.5937207804921 877.741458334029 323.6155998899066 868.1642918137857
0 496.14483258916874 730.4951735900355 519.7272143655362 737.5324578498654 496.6651674108312 814.8148264099644 473.08278563446373 807.7775421501345
0 429.101101876917 587.6680510175057 451.4788499536422 597.3941186203257 394.138898123083 729.3219489824943 371.7611500463578 719.5958813796743
0 528.4002726637007 475.4118891232982 599.0075491091052 437.4614199172103 610.8197273362994 459.43811087670184 540.2124508908948 497.3885800827897
0 599.7297036424386 437.5942750210159 671.0240269394826 399.2745272972041 681.0702963575613 417.96572497898404 609.7759730605173 456.28547270279586
0 359.65971069000517 872.9605319409831 384.708401442313 870.113218892643 401.19028930999485 1015.1094680590169 376.141598557687 1017.956781107357
0 574.8967202069025 898.8228658644322 645.013668852605 935.3265096909864 635.4132797930974 953.7671341355677 565.296331147395 917.2634903090135
0 475.5735690846837 717.2520221797492 498.60598991539763 725.9214910606493 468.85643091531625 804.9579778202508 445.8240100846023 796.2885089393508
0 647.4574788285489 937.8113812842065 715.066130260616 988.1489850366426 702.632521171451 1004.8486187157936 635.0238697393839 954.5110149633575
0 590.6904595856264 418.01264366914666 661.3946272536979 380.0100967233798 671.0195404143736 397.9173563308533 600.3153727463022 435.9199032766202
