0 681.6225507689904 80.84937590421748 696.5935485805975 90.23543602147947 617.2874492310096 216.7306240957825 602.3164514194026 207.3445639785205
0 575.6374160162642 28.39693425228296 579.892281391517 36.55390186521825 491.36258398373576 82.73306574771703 487.1077186084829 74.57609813478174
0 372.87447368255937 184.88188393302633 378.9083762173691 179.97062949037965 405.9455263174407 213.18811606697366 399.91162378263095 218.09937050962034
0 720.4379689357175 105.28637604692081 732.8502563120641 113.06825384646176 684.2520310642825 190.5836239530792 671.839743687936 182.80174615353826
0 815.2406195624187 539.0059797503183 825.4596206479125 533.2470808265069 865.9093804375814 605.0240202496817 855.6903793520876 610.782919173493
0 384.76385021926166 176.37699432185232 388.07033629491167 173.15030099407343 400.0761497807384 185.45300567814766 396.76966370508836 188.67969900592655
0 456.3767663859193 107.40993846335888 461.0657131830665 103.35361279429299 493.50323361408067 140.8500615366411 488.8142868169335 144.906387205707
0 560.939917509425 77.36095686774323 563.9599469551206 83.15063061909837 520.7900824905751 105.66904313225677 517.7700530448794 99.87936938090164
0 28.869999999999997 934.1500000000001 149.07 934.1500000000001 149.07 955.26 28.869999999999997 955.26
0 89.13100653577516 307.69755311119565 174.00181229299932 332.1025204358926 170.87899346422483 342.9624468888043 86.00818770700067 318.5574795641074
0 387.06351384720443 172.19526446228176 390.89016290199817 167.98422456559993 407.3864861527956 182.97473553771826 403.5598370980019 187.18577543440009
0 488.3250263668618 327.73384266536897 630.7607271407767 367.1540816936113 626.2849736331382 383.326157334631 483.84927285922316 343.9059183063886
0 463.198347143049 105.36915102116909 468.7267666732338 100.58661220812526 499.3716528569511 136.01084897883092 493.84323332676627 140.79338779187475
0 621.6621797780821 46.36861889425203 633.7779278655738 53.964581524520675 580.037820221918 139.681381105748 567.9220721344262 132.08541847547934
0 887.179163256075 283.0725214883534 927.9428180456101 384.896029816242 914.100836743925 390.4374785116466 873.3371819543898 288.613970183758
0 521.167808815372 407.26041899949774 584.9915004735902 425.6131976206405 582.482191184628 434.3395810005023 518.6584995264099 415.9868023793595
0 735.8482693365846 128.06247838017813 745.7918078965857 132.50298971399687 732.4417306634153 162.39752161982184 722.4981921034142 157.9570102860031
0 897.9610425162371 269.856699685915 950.130938785448 400.1718516186805 936.2889574837629 405.7133003140851 884.119061214552 275.3981483813196
0 563.4465870113127 83.24293670543476 566.7626070918086 89.60005168203757 522.0234129886874 112.93706329456525 518.7073929081914 106.57994831796243
0 441.4362323513685 124.34387853908713 446.117616331101 120.29409533077778 477.5737676486315 156.65612146091286 472.892383668899 160.7059046692222
0 681.4268377112969 113.57884253847314 693.8306525365333 121.35540847603485 639.113162288703 208.63115746152684 626.7093474634667 200.85459152396513
0 708.6532153025375 97.20407509178142 721.0570301277739 104.98064102934313 642.4467846974624 230.36592490821857 630.042969872226 222.58935897065686
0 608.6188396535497 429.98294998962007 749.0107579879427 476.50734430474387 744.9811603464502 488.6670500103799 604.5892420120572 442.1426556952561
0 382.4939379959766 181.40861738489676 386.4415683175938 178.19547019812663 393.31606200402337 186.64138261510325 389.36843168240614 189.85452980187338
0 804.7011251174489 545.3616893188326 814.9201262029427 539.6027903950213 866.0088748825511 630.2583106811672 855.7898737970573 636.0172096049786
0 445.44736722465717 119.67856211795436 451.3312391733354 114.58852764935227 491.9926327753429 161.59143788204562 486.10876082666465 166.6814723506477
0 392.11789283347093 166.61559548086063 395.9512671062872 162.39715481107396 407.8221071665291 173.18440451913938 403.98873289371284 177.40284518892605
0 85.12707397942766 318.688904433529 152.57394464007754 338.08354384975854 150.07292602057234 346.78109556647104 82.62605535992243 327.3864561502415
0 586.5933671439865 34.268457401049986 593.0774119875781 46.69896674163179 484.0666328560136 103.56154259895003 477.582588012422 91.13103325836822
0 581.2814127303865 53.4907294013403 586.4057505953648 63.31455561344063 493.3985872696136 111.82927059865969 488.27424940463527 102.00544438655936
0 729.8622997753748 117.09984503295208 739.3261393653947 123.03319486372833 721.1277002246252 152.06015496704796 711.6638606346053 146.1268051362717
0 321.8425420631266 336.14102834653414 429.8370555783659 371.92926594782983 425.8074579368734 384.0889716534659 317.8129444216341 348.3007340521702
0 936.0 814.18 950.78 814.18 950.78 929.12 936.0 929.12
0 823.9094564385862 163.58781110020635 896.2783398353315 249.3684477025788 883.4605435614137 260.18218889979363 811.0916601646684 174.40155229742118
0 450.11835267763183 113.02115074202919 456.01735026113965 107.91803135191402 483.1816473223681 139.31884925797078 477.2826497388603 144.42196864808597
