0 107.76598299381554 44.587564473558615 247.5721205204406 92.47464320975226 242.27401700618447 107.94243552644139 102.46787947955944 60.05535679024774
0 334.05906806858684 549.6126198725376 372.22104474343325 516.5993628949464 376.44093193141316 521.4773801274623 338.27895525656675 554.4906371050536
0 866.72 837.05 883.3399999999999 837.05 883.3399999999999 973.25 866.72 973.25
0 326.7551210896289 562.1214464316946 368.01409488401714 533.088713500846 372.5948789103711 539.5985535683054 331.3359051159829 568.631286499154
0 868.56 741.2900000000001 883.2 741.2900000000001 883.2 815.61 868.56 815.61
0 392.6475575879955 510.48109627148284 475.2391088961276 452.36383762556784 480.18244241200455 459.3889037285172 397.5908911038724 517.5061623744322
0 398.77823771629016 526.214361578576 480.1185257953754 468.97758026435974 484.6417622837098 475.405638421424 403.3014742046246 532.6424197356403
0 950.2469304811851 423.06100493553646 1023.9689009854475 449.9716248646403 1015.7530695188149 472.4789950644635 942.0310990145525 445.56837513535964
0 322.8621212055134 575.239247395744 378.61284952193455 536.009090727836 383.18787879448655 542.510752604256 327.4371504780654 581.740909272164
0 698.3299999999999 943.67 705.5 943.67 705.5 967.13 698.3299999999999 967.13
0 48.21909080469278 223.29043253570754 156.04229758715326 257.8291713538342 152.46090919530724 269.00956746429245 44.63770241284675 234.4708286461658
0 400.33924382861244 515.3501583002243 456.0899721450336 476.1200016323163 460.67075617138755 482.62984169977574 404.9200278549664 521.8599983676837
0 598.16 362.21 777.87 362.21 777.87 378.08 598.16 378.08
