0 878.1497298018179 932.8524195968326 983.0207025176327 966.4454766419846 978.170270198182 981.5875804031674 873.2992974823673 947.9945233580155
0 457.05376740846356 60.064284949308686 472.2839940118063 68.78453136846629 383.5362325915365 223.78571505069135 368.3060059881937 215.06546863153375
0 206.84159114845275 194.95212206424384 214.45154951039294 199.4109261336706 172.13840885154727 271.62787793575615 164.52845048960708 267.16907386632937
0 513.4490437828458 295.95017461023997 529.32145657915 305.03811233140186 438.62095621715423 463.44982538976 422.74854342085007 454.3618876685981
0 363.31157449951655 237.63047725008772 371.40832744590904 242.26636893616984 335.55842550048345 304.87952274991227 327.46167255409097 300.24363106383015
0 491.6040096638504 79.65971004466067 504.8122175785442 87.22222574264235 455.63599033614963 173.11028995533934 442.4277824214558 165.54777425735767
0 530.7694120761157 107.99287440030179 543.9776199908096 115.55539009828345 477.4105879238842 231.81712559969822 464.20238000919034 224.25460990171655
0 383.34411396776625 230.55344967350408 396.5436436906633 238.11099657010726 344.42588603223373 329.136550326496 331.22635630933667 321.5790034298928
0 296.8062612440402 41.014566867887424 303.63106517181194 45.01333559681777 276.92373875595985 90.59543313211259 270.0989348281881 86.59666440318225
0 600.1146748377025 156.75317343258277 613.3228827523963 164.31568913056444 541.2653251622976 290.1668265674172 528.0571172476039 282.60431086943555
0 611.7840381993055 968.4573944670085 715.7348088335136 1002.9055785200796 712.8659618006945 1011.5626055329915 608.9151911664865 977.1144214799203
0 229.53517621378458 814.2387126127217 466.7867773519733 885.0376240264279 455.8548237862154 921.6712873872784 218.60322264802673 850.8723759735722
0 320.1919816446233 0.2046532351674344 325.92964866354646 3.5664499541796673 306.13801835537674 37.34534676483256 300.4003513364536 33.98355004582033
0 397.128443235269 238.27657139633544 410.33665114996285 245.8390870943171 349.83155676473103 351.5134286036645 336.6233488500372 343.95091290568286
0 588.4445016225101 145.6709144623799 601.6440313454071 153.22846135898314 528.94549837749 280.1990855376201 515.745968654593 272.64153864101684
0 483.28053604418915 306.1457733662161 500.67163240492926 316.10325132860453 426.95946395581086 444.84422663378393 409.56836759507075 434.8867486713955
0 21.160033556854163 770.0306738298567 193.24670963520256 825.154769435187 188.85996644314585 838.8493261701434 16.773290364797443 783.7252305648132
0 166.2603648334669 428.4025660720479 182.50813091050492 421.66326362254665 238.1696351665331 555.8574339279521 221.9218690894951 562.5967363774533
0 515.9463406576039 101.96564872012345 529.1458703805009 109.5231956167267 463.40365934239617 224.34435127987655 450.2041296194991 216.7868043832733
0 503.0740409611428 93.29084122586522 516.2822488758367 100.85335692384689 451.9859590388571 213.14915877413478 438.7777511241633 205.5866430761531
