0 182.35 750.96 328.96000000000004 750.96 328.96000000000004 766.44 182.35 766.44
0 136.89000000000001 401.29999999999995 292.65 401.29999999999995 292.65 416.5 136.89000000000001 416.5
0 137.43 381.15999999999997 292.02 381.15999999999997 292.02 401.1 137.43 401.1
0 839.77 747.3399999999999 871.6700000000001 747.3399999999999 871.6700000000001 756.49 839.77 756.49
0 584.5600000000001 437.04999999999995 699.9 437.04999999999995 699.9 452.49 584.5600000000001 452.49
0 810.85 757.4300000000001 924.62 757.4300000000001 924.62 775.03 810.85 775.03
0 714.37 375.28 721.0100000000001 375.28 721.0100000000001 414.76 714.37 414.76
0 414.63 761.98 473.04999999999995 761.98 473.04999999999995 771.8399999999999 414.63 771.8399999999999
0 138.18 364.34 290.53 364.34 290.53 381.56 138.18 381.56
0 489.96000000000004 665.22 612.6700000000001 665.22 612.6700000000001 690.0799999999999 489.96000000000004 690.0799999999999
