0 940.9611736406188 195.66596684978035 957.1195262010987 188.96375163604446 1001.0314263593813 294.83083315021963 984.8730737989014 301.5330483639555
0 611.7987250463318 354.0002186561747 642.5768893798368 335.41735533375396 646.8730749536683 342.53298134382527 616.0949106201633 361.115844666246
0 991.4797563529265 683.7930467696988 999.2127347950296 684.6471219502121 995.9402436470735 714.2769532303012 988.2072652049704 713.4228780497879
0 492.2895709394644 191.93997802414782 638.0071287391063 107.8902204462225 654.3304290605356 136.19002197585218 508.6128712608936 220.2397795537775
0 597.2474441368767 613.603971767801 854.0015335990221 455.05922999291704 880.2925558631233 497.6360282321991 623.5384664009779 656.180770007083
0 653.4988782581448 467.8474135595769 789.9590481545489 383.58374148290716 796.6211217418551 394.3725864404231 660.160951845451 478.63625851709287
0 627.390253364888 498.6828761716503 820.3727395489722 379.51687377914834 841.7197466351118 414.0871238283496 648.7372604510277 533.2531262208515
0 454.0913362603161 268.2929316588543 673.6638717900537 135.72211382535778 702.158663739684 182.9170683411457 482.5861282099463 315.4878861746422
0 40.87306030406281 928.5330134732667 55.57940918524243 912.0206113404749 162.11833969593718 1006.9067865267334 147.41199081475756 1023.4191886595252
0 871.5808639441025 1002.4387573703793 927.1247050074594 907.1192769923446 963.8731360558975 928.5330426296207 908.3292949925406 1023.8525230076555
0 870.7987886755479 587.0002322159453 897.6535995436827 570.7861632251979 901.4112113244521 577.0097677840547 874.5564004563173 593.2238367748021
