0 774.4459958861371 241.3918061911335 808.5394919496168 264.219298961245 800.1440041138628 276.75819380886645 766.0505080503831 253.93070103875496
0 897.5847233730177 875.8412945103722 909.3240042132837 865.8893406643496 981.8652766269823 951.4587054896277 970.1259957867163 961.4106593356504
0 622.704535652317 113.91718633141971 657.9890408384347 143.03876241807475 648.2054643476831 154.89281366858026 612.9209591615654 125.77123758192525
0 720.0716184984187 208.11950919602194 749.2539315299314 230.7680457079206 737.0283815015812 246.52049080397805 707.8460684700685 223.87195429207938
0 781.4589535103819 227.44624739311035 820.6378065299546 253.6786696234481 812.131046489618 266.3837526068896 772.9521934700454 240.15133037655187
0 543.8961354693452 497.2739217608531 612.6778139091061 539.4443273909787 607.8638645306548 547.2960782391467 539.0821860908939 505.1256726090212
0 529.0417118354637 136.70043903573045 552.1632553470288 139.95877076267337 550.7482881645362 149.99956096426953 527.6267446529712 146.74122923732662
0 671.4850789304346 147.6836080409126 726.9971512206039 184.8520294459309 716.3851210695655 200.7013919590874 660.8730487793962 163.5329705540691
0 75.54337641493181 12.936041843441657 99.00866888630875 0.32376016117889606 170.59662358506816 133.51395815655832 147.1313311136912 146.1262398388211
0 613.9777778951579 126.21413385626333 639.216061128122 147.90716175586007 630.7422221048421 157.7658661437367 605.5039388718781 136.07283824413994
0 476.6444266475535 19.055171123715862 493.0684939030034 30.780460663358678 487.2755733524465 38.89482887628414 470.85150609699656 27.169539336641325
0 732.1726685372613 192.5864436117621 761.3628814910888 215.24111129218045 749.1373314627386 230.9935563882379 719.9471185089111 208.33888870781954
