0 737.177709140087 412.09208604089173 743.0524815083991 388.853154274984 887.6922908599129 425.41791395910826 881.8175184916008 448.656845725016
0 190.52164467718399 399.014317165196 192.86469114531343 389.7458904784176 254.09835532281602 405.225682834804 251.75530885468658 414.4941095215824
0 19.275669190398965 205.21838926221278 22.702007017224197 191.66476948384854 124.98433080960103 217.52161073778723 121.5579929827758 231.07523051615146
0 123.73342432438028 432.4785177156786 113.00299564204812 443.3427158127948 65.47657567561973 396.4014822843214 76.20700435795189 385.5372841872052
0 402.6424330739481 320.99230874713624 407.2010799680074 302.95959573729544 451.4975669260519 314.15769125286374 446.9389200319926 332.19040426270453
0 130.09549375184866 681.3098715362946 93.99684684753635 690.9744766331303 46.59450624815134 513.9201284637054 82.69315315246365 504.2555233668698
0 349.77586065876903 452.5244290095234 351.6262791560888 445.20469872864714 372.674139341231 450.5255709904766 370.82372084391125 457.8453012713528
0 172.78095502343803 829.4525230281051 146.46767855371718 836.4973141128737 115.67904497656194 721.4974769718949 141.9923214462828 714.4526858871263
0 310.68933741690284 404.8616917234801 317.57387458110315 377.6284170758226 418.7606625830972 403.20830827652 411.8761254188969 430.44158292417745
0 195.58787011989745 389.7194696616987 197.92846570259996 380.46073798191486 259.16212988010255 395.94053033830124 256.82153429740004 405.1992620180851
0 221.36356230825928 414.449826567793 222.98359757544918 408.0414269444034 250.86643769174074 415.09017343220694 249.24640242455084 421.4985730555966
0 972.0774836422095 578.0243016344596 975.5038214690346 564.4706818560953 1023.8625163577906 576.6956983655405 1020.4361785309654 590.2493181439047
0 682.5099266901573 505.7052079771289 686.80387795811 488.71955572269815 832.8300733098426 525.634792022871 828.5361220418899 542.6204442773018
0 139.2146801908088 809.2763951035588 112.90140372108796 816.3211861883274 89.16531980919122 727.6636048964413 115.47859627891204 720.6188138116727
0 349.51108079648037 442.9356645395572 351.07719658427817 436.7405550700474 375.4989192035196 442.9143354604428 373.9328034157218 449.10944492995264
0 16.889791672560808 469.7319574238566 4.934621191098419 457.21357099591904 60.2802083274392 404.3580425761434 72.23537880890159 416.876429004081
