0 755.5872365998611 216.64131035309336 834.6939647443186 157.35028942851417 842.292763400139 167.48868964690664 763.1860352556815 226.77971057148582
0 767.7491773753995 244.2205638170846 864.2520239687799 171.89103596452293 871.8508226246004 182.0294361829154 775.34797603122 254.35896403547707
0 688.5350070040903 726.7521847419251 681.8184312726368 735.6020271384681 646.4349929959097 708.7478152580749 653.1515687273633 699.8979728615319
0 681.7691707645603 662.0434473034459 674.3670291794061 671.0266482893601 599.7308292354397 609.5265526965541 607.1329708205939 600.5433517106399
0 925.1519651629416 241.40894223915333 848.0677349692527 306.546242271058 841.1680348370584 298.38105776084666 918.2522650307473 233.24375772894192
0 793.7351322391045 738.768273951128 788.5526605949227 743.8095919987474 750.3348677608955 704.521726048872 755.5173394050772 699.4804080012526
0 787.1169079549553 268.67210916583406 813.3071083612682 249.042379094405 818.0930920450447 255.427890834166 791.9028916387318 275.05762090559506
0 936.5351575534434 218.96872343928283 842.0816988696221 297.177808862037 833.9948424465566 287.4112765607171 928.4483011303779 209.20219113796298
0 843.8542846030517 816.4370491535419 837.1016297629352 823.5530699945914 784.8957153969483 774.0129508464581 791.6483702370648 766.8969300054086
0 764.6770147534615 374.8333137179495 739.845382533913 395.81640551379996 734.9529852465386 390.0266862820505 759.7846174660871 369.04359448620005
0 824.9228519896157 283.0471784815063 888.075365672002 230.58604986615913 894.0371480103844 237.76282151849367 830.884634327998 290.22395013384084
0 733.4550956550403 269.48810519530934 646.5940308747557 342.88697320589404 638.7649043449597 333.62189480469067 725.6259691252443 260.223026794106
0 793.6722473162367 277.8379935064909 830.4489540279428 250.27360627511663 838.0477526837633 260.41200649350907 801.2710459720572 287.97639372488334
0 888.9407965137696 223.9260558344919 937.9844073571219 187.16754205270493 945.5892034862304 197.3139441655081 896.5455926428781 234.07245794729508
0 862.6860766987811 816.406087701386 853.8133222758349 825.7562924558333 777.1039233012189 752.9639122986139 785.976677724165 743.6137075441666
0 720.7207673306629 674.5023357655871 716.5528975032865 679.359172297945 696.7992326693371 662.407664234413 700.9671024967134 657.5508277020551
0 776.7507364596208 253.46701285990778 887.9770687687408 170.10213415753572 897.0092635403792 182.1529871400922 785.7829312312592 265.51786584246423
0 733.0550911887775 289.74840657544405 678.8730960141885 335.53298361729094 670.9161088112224 326.11659342455596 725.0981039858115 280.33201638270907
0 692.4963556994601 655.4278244475526 685.0942141143059 664.4110254334668 584.40364430054 581.4421755524473 591.8057858856941 572.4589745665331
0 716.223005914301 681.4298764445319 712.0551360869247 686.2867129768898 695.336994085699 671.940123555468 699.5048639130753 667.0832870231101
0 815.5707169708946 244.60998763714673 879.321809741165 196.82811795212524 885.3192830291055 204.83001236285327 821.5681902588351 252.61188204787476
0 741.5444128473449 211.74420902278607 827.6207910235465 147.22938886441077 835.2255871526551 157.37579097721394 749.1492089764535 221.89061113558924
0 646.1070543180275 698.686660811089 640.7943150757236 706.465555446144 604.1129456819725 681.4133391889109 609.4256849242764 673.6344445538559
0 715.5241202453004 263.6129255360353 651.0428408858946 318.1005480954228 643.7558797546995 309.47707446396475 708.2371591141053 254.9894519045772
