0 832.8597377383187 166.15312273029454 850.0601029031843 150.34688857426372 855.5002622616812 156.26687726970547 838.2998970968156 172.0731114257363
0 675.7804394915169 329.4101286057035 754.8338694880666 265.0651202073778 776.3095605084831 291.4498713942965 697.2561305119333 355.7948797926222
0 756.3355033740349 263.22253139987964 789.1962296465142 236.4757639532294 796.954496625965 246.00746860012035 764.0937703534858 272.7542360467706
0 746.2944012308571 215.03272095783484 808.3629384880323 164.51245192891292 816.8155987691428 174.89727904216517 754.7470615119676 225.41754807108708
0 892.0545247945305 110.32293596747337 954.2029595036691 60.76254691327069 963.9354752054695 72.96706403252662 901.7870404963309 122.52745308672931
0 652.8135793407865 295.14948101747063 713.0207584895371 246.14425191944235 723.9164206592135 259.53051898252926 663.7092415104629 308.5357480805576
0 81.41057211193095 781.2818778652692 358.17043094793564 606.53687325262 391.5594278880691 659.4181221347309 114.79956905206438 834.16312674738
0 737.1675575640465 203.4815987872274 799.2360948212217 152.96132975830548 807.6824424359534 163.3384012127726 745.6139051787782 213.8586702416945
0 916.2751144619433 159.21688795779164 1000.6277955635783 91.94967981767428 1010.5348855380566 104.37311204220833 926.1822044364217 171.6403201823257
0 906.1351144619433 145.14688795779165 990.4877955635783 77.87967981767429 1000.3948855380567 90.30311204220834 916.0422044364217 157.5703201823257
