0 702.3065057636384 925.0196693899553 717.4023145071997 931.580778928579 695.8534942363617 981.1603306100448 680.7576854928004 974.5992210714211
0 839.550748356049 886.1723178854718 848.9381749100077 885.3896157109309 852.8292516439511 932.0576821145282 843.4418250899924 932.8403842890691
0 901.8832968962705 849.6968892918201 914.7039125803361 853.6627704652153 896.5767031037295 912.26311070818 883.7560874196639 908.2972295347847
0 892.1536711092532 839.561408767713 902.4235383673534 842.7382509893224 884.2963288907468 901.3385912322871 874.0264616326466 898.1617490106777
0 828.0744305240623 895.5607961173254 839.8236618479662 894.581172058107 843.7155694759376 941.2592038826746 831.9663381520338 942.238827941893
0 920.4760496026299 187.95072105795788 950.0055004815024 197.08525064585984 909.2739503973701 328.75927894204216 879.7444995184976 319.62474935414014
0 914.8451487102865 710.4616320852674 925.1150159683867 713.6384743068768 906.9848512897134 772.2483679147326 896.7149840316132 769.0715256931232
0 887.22223868988 930.6582450257413 900.2447729580977 934.544335764916 886.6677613101201 980.0417549742588 873.6452270419024 976.155664235084
0 850.3561130922318 903.7412262813091 860.4411191141068 902.9003615247959 864.3238869077683 949.468773718691 854.2388808858933 950.3096384752041
0 698.6830856057269 909.9154351806186 707.1755020943236 916.506441339333 669.5669143942731 964.9645648193815 661.0744979056764 958.3735586606671
0 860.4932029685057 909.1412993793251 871.5348894035229 908.2206687961072 875.4267970314944 954.8987006206748 864.3851105964771 955.8193312038927
0 107.42148913838021 859.8556031045399 126.55928884163374 870.0634786189722 65.36851086161978 984.7843968954602 46.23071115836625 974.5765213810279
0 910.8752211075174 870.0916904519784 921.1450883656177 873.2685326735877 906.4547788924825 920.7583095480215 896.1849116343823 917.5814673264122
0 905.1224248464116 920.6324572971358 913.5389393156081 923.2359903178223 896.1475751535884 979.4575427028641 887.7310606843919 976.8540096821777
0 450.9901565747972 169.72735945005218 472.3865853711086 179.02691507192878 414.69984342520286 311.75264054994784 393.30341462889146 302.45308492807123
0 470.2269474398908 184.02184068465536 491.6233762362022 193.32139630653197 436.68305256010916 319.72815931534467 415.28662376379776 310.42860369346806
0 321.5499292102446 848.6771160031575 342.30561040327984 859.4827487108281 280.0300707897554 979.1028839968425 259.2743895967202 968.2972512891719
0 492.36225201536445 192.8968050968383 511.4108515052653 201.17592083907482 453.8277479846356 333.66319490316164 434.7791484947347 325.3840791609251
0 344.2094733275543 451.2696926124698 365.6059021238657 460.5692482343464 309.8205266724457 588.9203073875303 288.4240978761343 579.6207517656537
