0 599.9056261677547 743.7319522539035 618.8726475424594 748.1729544123689 596.4943738322454 843.7480477460965 577.5273524575407 839.3070455876311
0 193.7979109630773 718.8444719077695 214.70281573034782 729.201781243275 160.6920890369227 838.2155280922304 139.7871842696522 827.8582187567249
0 335.98958576261754 869.4727399306179 352.77922659970267 874.8509236911158 323.0604142373824 967.627260069382 306.2707734002973 962.2490763088841
0 285.4173662059166 440.65263460731694 305.9234368344092 451.0690191710355 244.60263379408335 571.7873653926831 224.09656316559077 561.3709808289645
0 580.7767425831189 939.8925968597979 598.4330069688001 945.5483839794593 573.7232574168811 1022.687403140202 556.0669930311999 1017.0316160205406
0 576.9546696690107 296.62803546873545 597.4275306309725 302.96103349748796 555.8153303309892 437.48196453126457 535.3424693690275 431.14896650251205
0 739.380563970966 481.5889432021252 759.0604956469535 487.67665945934874 728.7194360290339 585.7610567978747 709.0395043530464 579.6733405406512
0 319.5892698261266 839.5636272300816 342.64526555305974 846.9490968183774 300.58073017387335 978.2663727699183 277.5247344469402 970.8809031816226
0 596.1582679806888 308.9604125460273 613.6027122721223 314.3566115196634 584.6417320193111 407.9795874539727 567.1972877278777 402.5833884803367
0 343.39740195069464 50.34782783108279 361.21725010625414 58.95579575114403 317.0725980493054 150.34217216891722 299.2527498937459 141.73420424885597
0 366.11405847475226 48.93456107894118 383.93390663031175 57.54252899900242 341.2159415252478 145.9754389210588 323.3960933696883 137.36747100099757
0 533.5050097828616 586.6881817217959 551.7137232655957 592.320796860761 521.6149902171383 689.621818278204 503.4062767344042 683.989203139239
0 661.7056832038988 154.2426842962337 672.8056732079783 154.90948404828512 669.7343167961012 206.03731570376627 658.6343267920217 205.37051595171485
0 557.9184439714553 936.1437929647674 578.2317190171176 942.650693680106 552.4115560285446 1023.2562070352327 532.0982809828823 1016.7493063198941
0 267.82061214124644 423.7007293759932 288.33559845262096 434.1216428025656 226.0093878587536 556.8192706240068 205.49440154737906 546.3983571974344
0 515.0613265280955 588.3014305530506 530.6237579359516 593.1154547195639 503.64867347190454 680.3185694469493 488.0862420640484 675.504545280436
0 580.4956261677546 738.2919522539034 599.4626475424593 742.7329544123688 577.0843738322453 838.3080477460965 558.1173524575406 833.8670455876311
0 498.65259956015836 577.4852725475941 517.0237202460438 583.1681261216918 487.5574004398417 678.4247274524059 469.1862797539562 672.7418738783083
0 327.17493551091457 51.764235964443984 339.9072575381814 57.91464861677677 305.7450644890854 128.635764035556 293.01274246181856 122.48535138322323
0 553.4058206486005 303.7453052802749 572.3119297683962 309.5936501701028 542.5441793513995 405.82469471972513 523.6380702316038 399.97634982989723
0 297.96547317417327 619.970014510853 316.68907795012666 624.3540222884347 288.6045268258268 744.2999854891469 269.8809220498734 739.9159777115652
0 597.1567096897402 953.0985353279434 611.1750598384579 957.588998456391 590.2632903102599 1022.8714646720566 576.2449401615422 1018.381001543609
0 259.4412487791509 160.4158333806576 274.3417040942162 168.94726534743455 236.58875122084905 234.8841666193424 221.6882959057838 226.35273465256546
0 245.6599179464749 148.67037618684927 260.55169506974335 157.1968393522478 219.4000820535251 229.06962381315074 204.50830493025663 220.54316064775222
0 657.2382621213646 149.12286172372953 666.0896519867933 151.10220440507302 657.3517378786353 190.17713827627048 648.5003480132066 188.197795594927
0 718.9227711529587 473.68084237786877 738.6027028289462 479.7685586350923 703.7372288470414 592.4791576221313 684.0572971710538 586.3914413649078
0 920.0905302666127 358.92550874156564 935.5765347553389 363.715891291546 918.0994697333873 420.21449125843435 902.6134652446611 415.424108708454
0 276.22989776224637 857.9002852104759 290.8196480528955 862.5737835207894 267.6901022377536 934.7797147895242 253.10035194710446 930.1062164792106
0 297.2890077293888 840.919221222701 316.92612594043226 847.2095303061649 275.91099227061125 975.250778777299 256.2738740595678 968.9604696938352
0 376.7273662059166 233.10263460731696 397.2334368344092 243.51901917103552 335.9126337940834 364.23736539268305 315.4065631655908 353.8209808289645
