0 269.0180050648279 460.4714132920536 287.2882166332931 468.8505164208808 235.44199493517212 581.8985867079463 217.17178336670693 573.5194835791191
0 664.2093022831579 465.0749703211382 682.8757978027846 467.1366068108603 672.1306977168421 564.4250296788618 653.4642021972153 562.3633931891397
0 684.1654472606604 460.8484109111883 706.6785528793796 463.3348894251504 691.7245527393397 598.7315890888117 669.2114471206205 596.2451105748496
0 808.8557043367792 583.1115511442249 826.5079779004938 580.7465272475615 839.6742956632207 679.0184488557752 822.0220220995062 681.3834727524386
0 569.9534551700061 883.2439729809898 585.4992142988605 876.7958513081585 613.8165448299939 945.0660270190101 598.2707857011395 951.5141486918415
0 716.9364562310783 704.5966382228005 734.8681221319658 710.1435525018339 704.0335437689217 809.8233617771996 686.1018778680342 804.2764474981661
0 272.054644464335 764.8532321143409 294.72238624814366 772.3650815818539 250.36535553566492 906.216767885659 227.69761375185624 898.704918418146
0 474.75707969916016 686.4140127027282 494.1815182596639 691.5813317957605 460.10292030083986 819.6859872972717 440.6784817403361 814.5186682042394
0 681.5261759293049 635.1892866396034 690.7864637808563 635.9316941465771 687.263824070695 679.8707133603965 678.0035362191437 679.1283058534228
0 633.8333202709498 609.9556415605995 653.4937718885333 612.1270563511588 642.5466797290503 711.2443584394006 622.8862281114668 709.0729436488413
0 596.6287419068453 595.2635788654133 615.2852978654926 597.324117572127 601.3412580931547 723.5764211345867 582.6847021345075 721.515882427873
0 656.3406231215528 7.7695100936129435 673.8226178260062 12.42009727734203 650.6493768784472 99.53048990638706 633.1673821739938 94.87990272265796
0 547.9297108720626 264.6404468333581 568.1357232952693 272.2460475297673 519.7402891279374 400.8195531666419 499.5342767047308 393.21395247023275
0 668.05328058926 642.4434983978801 680.8322784640596 643.4680047745649 677.0467194107399 690.68650160212 664.2677215359403 689.6619952254352
0 401.96154979339497 537.3570749883067 417.2890113551582 543.3020326898106 385.01845020660505 626.5029250116932 369.6909886448418 620.5579673101893
0 131.1319254620016 846.3867382756209 151.53099459659325 853.1467736632612 110.1780745379984 977.933261724379 89.77900540340676 971.1732263367387
0 492.3204261577275 84.02078038450668 513.1299725116542 92.09203682596461 470.4195738422725 202.20921961549334 449.61002748834585 194.1379631740354
0 441.8549107126194 543.0183075884657 458.50627710514317 549.4767592033601 416.42508928738056 657.9716924115343 399.7737228948568 651.5132407966399
0 530.1922105139141 251.04652725982402 549.3032236534176 258.23996710330135 500.9077894860858 386.813472740176 481.7967763465823 379.62003289669866
0 843.775490290695 140.3245633848923 861.6623590905579 143.0278992013397 851.9145097093051 207.52543661510774 834.0276409094422 204.82210079866033
0 386.2879040363551 318.42319020695044 403.8036740325901 326.4562905697613 363.14209596364486 415.1168097930495 345.62632596740985 407.0837094302387
0 513.8556717034106 236.4573235727908 531.8997624639212 243.24917079033452 483.5043282965894 371.82267642720916 465.4602375360788 365.03082920966546
0 616.1068165126636 596.3260456272882 634.6142790566174 598.3701175888763 620.1531834873364 729.3039543727119 601.6457209433826 727.2598824111238
0 133.55928646362423 632.25599516313 153.59764613934453 638.8964952577363 112.87071353637577 761.7940048368699 92.83235386065546 755.1535047422636
0 276.6956604921503 205.38811294611781 294.051083574671 219.42277324221004 219.7843395078497 311.2618870538821 202.428916425329 297.22722675778994
0 707.2576259171506 466.19856242671733 725.9141818757978 468.25910113343105 712.1523740828495 592.8614375732826 693.4958181242023 590.8008988665689
0 287.0000930055923 470.22128315214263 307.6517948382057 479.6925877833344 249.33990699440773 606.8387168478573 228.68820516179431 597.3674122166656
0 109.0221631201702 842.7271491267798 129.41173990058104 849.484038848814 86.95783687982978 977.5928508732202 66.56826009941895 970.835961151186
0 90.22458781592829 836.7647682301545 108.28853782203714 842.7509698786791 67.6654121840717 965.3352317698454 49.601462177962844 959.3490301213208
0 258.38711568396855 197.77706870992085 272.79553816242327 209.42860344498308 207.70288431603143 289.92293129007913 193.2944618375767 278.2713965550169
0 351.9167469709825 313.4789954971606 364.5786398639537 319.2860057749995 329.75325302901746 395.22100450283943 317.09136013604626 389.4139942250005
0 422.8364293202422 528.8285250271066 444.1121393469719 537.080589184547 395.5435706797578 662.3014749728935 374.2678606530281 654.0494108154531
0 150.26133676593898 650.9862564125771 170.30918879584013 657.6299021727895 138.35866323406103 754.0437435874229 118.31081120415989 747.4000978272105
0 245.72976074888325 190.671599186416 256.5613487210837 199.43068601099324 195.04023925111673 275.50840081358405 184.20865127891628 266.7493139890068
0 304.6333766549205 485.41066955482165 323.1399193183011 493.89815909228037 275.56662334507956 597.6293304451783 257.06008068169893 589.1418409077196
0 367.5045654195484 313.13786733251305 385.4839079481176 321.3835718045628 344.35543458045163 411.062132667487 326.37609205188244 402.81642819543725
0 457.03479224912445 673.067886003203 476.4592308096282 678.2352050962353 443.5452077508756 801.962113996797 424.12076919037185 796.7947949037647
0 916.217613569288 387.6058411676169 933.9920732248697 386.48125948890475 939.9123864307121 480.05415883238305 922.1379267751304 481.1787405110952
0 563.1754446886412 289.07202547653117 581.2101764809149 295.86034995174214 542.2345553113589 399.40797452346885 524.1998235190852 392.6196500482579
