0 129.34425821368546 945.8526659856525 206.88473912629416 912.7775421031729 213.29574178631452 927.8073340143476 135.75526087370582 960.8824578968272
0 39.12599501360334 115.30000822583771 114.1710334460571 122.07235690790783 112.56400498639667 139.87999177416228 37.518966553942896 133.10764309209216
0 107.46706627072984 344.7837853711318 209.47254518581832 353.9891463799921 207.85293372927015 371.93621462886824 105.84745481418167 362.7308536200079
0 808.2715002752274 682.5224580648512 905.5334179471041 652.0960308873291 910.4984997247726 667.9675419351488 813.2365820528959 698.3939691126709
0 305.75359687748073 547.6118201234087 419.66071095206246 557.8912297951852 417.8164031225193 578.3281798765913 303.9092890479376 568.0487702048149
0 660.0781201758506 397.4952347591732 748.7130912188171 406.3883955140726 747.0418798241493 423.0447652408268 658.4069087811828 414.15160448592735
0 533.6587394555954 794.0732177491305 626.110529906726 765.1515417537761 631.7712605444046 783.2467822508694 539.319470093274 812.1684582462238
0 37.31618562361137 96.43955870151262 124.12342583293679 104.27337304961125 122.50381437638862 122.22044129848737 35.69657416706321 114.38662695038875
0 66.97000000000001 436.05 202.32 436.05 202.32 458.17 66.97000000000001 458.17
0 91.62458792553913 412.0959612643645 187.541409164092 414.97432946379604 186.8554120744609 437.83403873563543 90.93859083590804 434.9556705362039
0 68.07677733643092 459.59254761988484 203.31502074325178 457.809286495576 203.5932226635691 478.90745238011516 68.35497925674824 480.690713504424
0 238.14127995952308 96.42994427120313 336.8698079066923 138.1716963832674 327.48872004047695 160.36005572879688 228.76019209330767 118.61830361673263
0 110.37889587094813 914.7916829582686 210.2801014690315 872.1785251305567 216.69110412905187 887.2083170417314 116.78989853096849 929.8214748694433
0 596.8319520588707 146.05021519565153 698.9901562800449 121.78704742421534 703.7480479411292 141.81978480434847 601.5898437199551 166.08295257578467
0 590.0787489873966 349.9554278610972 710.3880859046875 314.9446659367718 716.1412510126034 334.7145721389028 595.8319140953125 369.72533406322816
0 138.39669858679468 851.2797165395314 213.70202684676235 819.1580037013509 219.07330141320534 831.7502834604686 143.76797315323768 863.871996298649
0 88.78097977607963 884.1003728487578 138.53382215523746 862.8781492330602 143.90902022392035 875.4796271512421 94.15617784476255 896.7018507669397
0 43.99746024260656 362.2480694010603 211.00847878585282 370.6055860865032 209.66253975739343 397.5019305989397 42.65152121414719 389.1444139134968
0 116.10929679141596 931.4736447093885 216.01970054856372 888.8565633794367 222.43070320858408 903.8863552906114 122.52029945143632 946.5034366205632
0 95.70360007499238 393.01474635548686 191.62042131354522 395.8931145549184 191.0963999250076 413.35525364451314 95.17957868645479 410.4768854450816
0 57.27111208315137 481.390049771448 204.26833325310878 479.4517339275689 204.53888791684864 499.969950228552 57.541666746891245 501.9082660724311
0 416.14957299325135 236.80832012529183 490.7153327219256 219.09851843002642 494.5304270067486 235.1616798747082 419.96466727807433 252.8714815699736
0 137.32364153173916 818.5672918052566 197.79233922088383 792.7741880800585 204.35635846826085 808.1627081947435 143.88766077911617 833.9558119199415
0 410.9697083168599 221.12947551423332 485.54519739831716 203.4173630410849 489.36029168314013 219.4805244857667 414.7848026016829 237.1926369589151
0 783.6980836170585 708.0083756695112 902.844171362688 670.7359277366111 908.5019163829415 688.8216243304887 789.355828637312 726.0940722633889
0 423.3820155536192 252.83765582363765 495.33057938367483 235.7494533788976 499.14798444638075 251.82234417636238 427.19942061632514 268.9105466211024
0 141.91995812716965 867.6691069019043 205.82876730638736 840.4086133389781 211.20004187283035 853.0008930980957 147.29123269361264 880.261386661022
0 440.37144660573165 415.9135801376349 551.7204665632839 396.43442834674227 555.2685533942683 416.7164198623651 443.91953343671605 436.19557165325773
0 535.3881829490061 773.3911679406574 611.0140720307403 749.733135465465 616.6718170509938 767.8188320593426 541.0459279692597 791.476864534535
0 137.15829894516568 836.6028183727517 206.1444919279136 807.1765515733928 211.6217010548343 820.0171816272482 142.63550807208637 849.4434484266071
0 120.16345477774298 893.2635366015174 206.41459232430662 856.4728560978388 212.366545222257 870.4264633984826 126.11540767569333 907.2171439021613
0 653.7714618429522 414.6524577877043 753.2420282457965 424.63280444988766 751.1385381570478 445.5975422122957 651.6679717542036 435.61719555011234
