0 772.1494775583365 166.1563255140364 832.4318292420719 192.35691664245255 826.5005224416636 206.00367448596361 766.2181707579282 179.80308335754748
0 207.99086035256605 383.61583632154674 294.7830478311816 380.73455315655696 295.40913964743396 399.5941636784533 208.61695216881841 402.4754468434431
0 692.3841607787574 4.74767213670183 673.9196142415151 69.15311073604693 659.6158392212426 65.05232786329816 678.0803857584849 0.6468892639530774
0 169.5918192606922 828.465698204772 234.50633612005333 844.3513647288974 230.2181807393078 861.8743017952279 165.30366387994667 845.9886352711026
0 767.3784842519858 360.6459188871516 892.3816000937243 369.41045708701785 890.7715157480143 392.3740811128484 765.7683999062758 383.60954291298214
0 114.17488825369622 786.9155280451366 253.8241488981725 821.0900346465658 247.47511174630375 847.0344719548634 107.82585110182745 812.8599653534343
0 549.981559726434 446.9279491068458 678.4603907456016 445.2338180764395 678.728440273566 465.5620508931542 550.2496092543985 467.2561819235605
0 625.7235808001117 210.66862925264917 658.4091036538825 218.66732263192222 656.2864191998883 227.34137074735082 623.6008963461175 219.34267736807777
0 493.28131066698785 121.2444409960674 568.705704414248 139.7020499381344 565.1686893330123 154.15555900393258 489.7442955857521 135.69795006186558
0 207.28151358471973 686.5672252905024 305.0983941735173 722.2731739808385 298.6484864152803 739.9427747094976 200.8316058264827 704.2368260191615
0 602.8688835530196 719.347748826571 681.4298453233806 732.8332738707013 678.6011164469804 749.3122511734291 600.0401546766194 735.8267261292988
0 565.9853994003042 692.2120975799852 700.6261344078193 715.3240982860276 697.3846005996957 734.2079024200149 562.7438655921806 711.0959017139725
0 365.4642223099115 107.0608245243562 434.73033329660973 124.01139881487518 431.1457776900885 138.6591754756438 361.8796667033903 121.70860118512482
0 894.0546849865998 887.0056300153365 1008.5547312159163 885.4958242382968 1008.7753150134001 902.2243699846636 894.2752687840837 903.7341757617032
0 878.9920182015454 863.0538555882123 1011.3805093443408 861.3081715005341 1011.6879817984546 884.6261444117878 879.2994906556593 886.371828499466
0 188.53342540749554 720.5938491038193 282.3843311933064 751.6950449519348 276.2565745925045 770.1861508961807 182.40566880669354 739.0849550480651
0 786.6566562801002 161.1722742304244 820.5992979325426 175.9248054591279 816.5733437198999 185.18772576957562 782.6307020674574 170.43519454087212
0 407.5514843207221 519.0530065649453 505.73045376564994 525.9367815999054 504.3085156792779 546.2169934350546 406.1295462343501 539.3332184000946
0 54.485564438328055 78.68425819770151 26.61974145949706 172.33648726734222 7.124435561671948 166.53574180229847 34.990258540502936 72.88351273265779
0 706.5111317810763 944.4392218847888 811.8223726341025 955.005590702689 808.5288682189237 987.8307781152112 703.2176273658974 977.264409297311
0 493.90054356065036 10.793434721433469 484.8639393672746 42.31364862699355 474.5494564393497 39.35656527856653 483.58606063272543 7.836351373006446
0 184.46732767209764 317.38679644604 320.54663732646975 316.9533405780298 320.63267232790236 343.96320355396 184.5533626735303 344.39665942197024
0 607.6699385012632 190.47716179492738 696.5570765799725 212.22932913927445 693.0200614987368 226.68283820507264 604.1329234200275 204.93067086072557
0 117.45025950360397 755.2442788243284 255.62119986954352 794.975930418391 248.23974049639602 820.6457211756717 110.06880013045648 780.914069581609
0 128.8929761632152 721.9398107490484 270.9555488334333 769.0178422108567 262.04702383678483 795.9001892509515 119.98445116656673 748.8221577891433
0 209.46840147215926 707.3932599100452 289.90688687328037 736.7555991624555 283.8615985278407 753.3167400899548 203.42311312671967 723.9544008375445
0 814.6765102092704 512.4349997552008 939.4956869546256 569.67969834478 929.9034897907295 590.5950002447992 805.0843130453743 533.3503016552199
0 0.3065064305122198 995.6749494617278 38.27274595702393 993.653797261734 39.35349356948778 1013.9550505382723 1.3872540429760698 1015.9762027382661
0 944.3525195909303 210.2588389129145 1017.3094810459913 241.96821095407537 1008.1374804090697 263.07116108708544 935.1805189540087 231.3617890459246
0 304.31670545516346 237.71400323914986 399.9157889401002 261.10869573210846 395.0832945448365 280.8559967608502 299.4842110598998 257.4613042678916
0 204.9258816583586 346.7884307764605 309.948026525389 343.30195870164323 310.5741183416414 362.1615692235396 205.55197347461097 365.6480412983568
0 221.3806972093922 365.4860049705384 308.18287918219 362.60439001338307 308.8093027906079 381.47399502946166 222.0071208178101 384.35560998661697
0 607.3305175607998 659.7058433033093 680.6284566758638 672.2879346034218 678.1194824392003 686.9041566966906 604.8215433241362 674.3220653965781
0 575.4233417412494 669.0864306260193 703.6774874591905 691.1021297101075 699.5866582587506 714.9335693739807 571.3325125408095 692.9178702898924
0 434.9304106495977 990.433130743082 540.9282043766659 1001.0683846184685 538.8995893504023 1021.2868692569181 432.9017956233342 1010.6516153815315
