0 294.16385112538813 862.7062328134195 206.2701784004303 813.725760225683 215.0761488746119 797.9237671865806 302.9698215995697 846.9042397743171
0 158.57119659337212 597.2078072887261 64.20178027600701 616.4939594171271 59.8688034066279 595.2921927112739 154.23821972399298 576.0060405828729
0 577.5219280746294 395.16074766215564 535.9177322351402 407.19598710927204 532.5080719253706 395.4092523378444 574.1122677648598 383.374012890728
0 672.7593510312424 643.5194721857291 599.4578550192468 606.4315606456681 607.7106489687576 590.120527814271 681.0121449807532 627.208439354332
0 1010.9773555116162 254.2964503201749 877.2906148917609 281.61783173546047 872.0926444883837 256.18354967982515 1005.779385108239 228.86216826453952
0 1005.2281054621795 877.6821350183757 876.2518765680967 818.7793636042807 886.5418945378204 796.2478649816244 1015.5181234319033 855.1506363957194
0 721.8427463692967 297.2570542964171 596.4740741104715 322.8784831414149 592.2772536307032 302.3429457035829 717.6459258895284 276.7215168585851
0 532.9032437430322 788.2509928881141 449.0737470122143 740.4305414279092 458.6467562569677 723.649007111886 542.4762529877856 771.4694585720908
0 978.8712226677738 907.9642972071777 866.5139069685205 856.6512968187933 874.3487773322262 839.4957027928224 986.7060930314796 890.8087031812067
0 829.4938655013236 585.8191590594812 731.6098227439782 536.2933660473731 740.9461344986764 517.8408409405189 838.8301772560219 567.366633952627
0 571.3467452465421 383.2397598271057 534.6320750783296 393.8605599118156 531.9532547534578 384.60024017289436 568.6679249216703 373.97944008818445
0 937.2473983125994 963.2943391090676 805.006267735763 919.70465014757 812.1126016874005 898.1456608909325 944.3537322642369 941.7353498524301
0 657.9623076704455 549.8206421499874 574.9875772799681 469.6186838408066 585.3776923295544 458.86935785001253 668.3524227200318 539.0713161591934
0 575.5886971000705 350.72202268081276 525.2551796615508 368.6170896621412 521.7713028999294 358.8179773191872 572.1048203384491 340.92291033785875
0 387.20040721864115 678.3109508367852 315.7977664182186 607.8997210028601 328.4995927813589 595.0190491632147 399.90223358178145 665.4302789971398
0 1008.9361032852534 227.9463215908353 873.2898648182767 255.66816297556446 868.0938967147466 230.2436784091647 1003.7401351817233 202.52183702443554
0 782.1895740921071 728.3910387479641 694.1414804340371 691.3300875569905 702.1604259078928 672.278961252036 790.2085195659628 709.3399124430096
0 352.5791677811368 700.2426130479923 279.154354066143 627.8372877540717 290.76083221886324 616.0673869520076 364.185645933857 688.4727122459283
0 926.6351709300467 1009.5446746388116 795.9007830645879 972.1767642149764 801.3148290699534 953.2353253611884 932.0492169354121 990.6032357850236
0 156.54915125070704 573.769936807586 62.16993744410634 593.0580912358341 59.48084874929296 579.9000631924141 153.86006255589365 560.611908764166
0 935.6334496943805 989.6396438576837 797.7983787333328 944.2060647210697 805.2365503056194 921.6403561423163 943.0716212666671 967.0739352789303
0 368.4629283568484 692.2301607386894 286.0166601250881 610.9286419665493 301.5270716431516 595.1998392613107 383.9733398749119 676.5013580334507
0 672.3917099318908 541.7132758276013 591.5812251087907 463.603240347802 601.9782900681091 452.84672417239864 682.7887748912092 530.956759652198
0 583.5507152050839 336.31128969181106 482.0733691150694 372.389513463602 473.1492847949161 347.28871030818897 574.6266308849306 311.21048653639804
0 931.6370938942923 424.70275292348106 923.2867016150599 376.74429851987315 935.5029061057078 374.617247076519 943.8532983849402 422.5757014801269
0 484.89632726678263 377.6557947607936 356.5476989698787 430.6532401171804 348.22367273321737 410.4942052392064 476.5723010301213 357.49675988281956
0 645.0622055859326 782.8674268027177 606.0664306180975 765.0582596504343 612.5677944140675 750.8225731972824 651.5635693819027 768.6317403495658
0 842.3200912722077 567.5606949836259 729.9185154641602 510.6895541838515 738.5099087277922 493.709305016374 850.9114845358397 550.5804458161484
0 900.0443089135499 1022.9806281394843 831.1243933277876 1003.2811957707228 836.53569108645 984.3493718605156 905.4556066722123 1004.0488042292772
0 167.63723821607311 557.3980881162121 29.81595713879168 585.5644400670236 25.292761783926885 563.4319118837878 163.1140428612083 535.2655599329763
0 48.740603550511366 678.2244215765082 0.15541580499098107 615.9309264768389 16.099396449488644 603.4955784234918 64.68458419500902 665.7890735231612
0 991.9908329442561 893.1455402600177 901.6101424659706 851.8691500512266 909.4491670557439 834.7044597399822 999.8298575340294 875.9808499487733
0 954.2871567652289 942.7939478215759 805.482644133954 893.7445908373226 813.7128432347711 868.776052178424 962.517355866046 917.8254091626774
0 208.37045273515596 735.7426988904645 123.76257739987383 676.8090113149415 135.31954726484403 660.2173011095356 219.92742260012616 719.1509886850586
0 1012.475504507867 280.7447699989382 881.5124658955102 307.5095120566972 876.314495492133 282.07523000106187 1007.2775341044897 255.31048794330283
0 285.25342026835733 881.9385664936804 197.35974754339946 832.958093905944 206.68657973164267 816.2214335063197 294.58025245660053 865.2019060940561
0 594.1067411050116 366.2441181418751 531.042426700429 384.487329171734 526.0432588949885 367.20588185812494 589.1075732995711 348.962670828266
0 640.8102928554232 560.21645605848 560.4240289242674 482.5164652528785 573.6497071445768 468.83354394151985 654.0359710757326 546.5335347471215
0 669.3900489410508 664.6202961212676 581.3836393042508 620.0922289855865 590.719951058949 601.6397038787323 678.7263606957491 646.1677710144135
0 949.9073299456948 916.89107273678 893.5297445118615 891.8220109144695 901.1926700543052 874.5889272632201 957.5702554881384 899.6579890855305
