0 282.6457641235406 958.6280744228656 148.2677058447772 976.414022618823 145.26423587645945 953.7219255771344 279.6422941552228 935.9359773811769
0 541.1571483246612 617.8662098605479 445.6715185110063 609.4025168669631 447.28285167533886 591.223790139452 542.7684814889938 599.6874831330368
0 532.442398394525 600.2654106253606 437.928674574668 584.1964059983213 440.987601605475 566.2045893746395 535.5013254253319 582.2735940016787
0 930.7737710935284 347.51455554808086 809.3781333623953 275.00897548798156 820.7462289064716 255.97544445191915 942.1418666376047 328.48102451201845
0 600.958777068563 501.4460505065035 429.70578330472233 439.2427376773468 441.36122293143694 407.1539494934965 612.6142166952777 469.35726232265324
0 879.7991550863418 421.28423979172294 781.6047555580516 376.43936939076696 789.3108449136581 359.5657602082771 887.5052444419483 404.41063060923307
0 890.2260607610931 404.5916557690181 762.0684975416323 346.0627647010173 771.1039392389068 326.27834423098193 899.2615024583677 384.80723529898273
0 255.59537679284935 770.4644861130964 131.57655798125467 730.9555228189672 138.52462320715063 709.1455138869035 262.5434420187453 748.6544771810327
0 877.7366727372164 468.3938609807414 749.9156720728781 410.0186762772459 759.6033272627835 388.80613901925864 887.4243279271218 447.18132372275414
0 105.47590277210789 478.9310237933211 18.001520078038347 430.18420879693934 26.5640972278921 414.8189762066789 114.03847992196164 463.56579120306066
0 862.0989649229509 624.8966991765702 778.8410604904536 594.6553739822415 784.3410350770491 579.5133008234299 867.5989395095464 609.7546260177586
0 859.9394091219618 642.0815526969981 768.5606162914427 608.8905204618135 774.0605908780382 593.7484473030019 865.4393837085573 626.9394795381864
0 795.2489519179682 105.82403852832532 727.7500905012931 150.2009706829086 718.4110480820319 135.9959614716747 785.909909498707 91.61902931709137
0 168.06474401322234 254.5581582507611 34.98491952182221 266.781493038704 32.79525598677767 242.9418417492389 165.8750804781778 230.718506961296
0 415.9366066228985 166.92871489798694 383.3632684569722 178.14388947211688 379.73339337710144 167.60128510201304 412.30673154302775 156.3861105278831
0 531.6451174402819 539.3127354179061 458.1445705816215 521.4499469603928 461.29488255971813 508.48726458209387 534.7954294183785 526.3500530396071
0 406.9299199916742 353.48796971059545 324.3795360105871 298.4061060477247 333.3100800083258 285.02203028940454 415.8604639894129 340.1038939522753
0 913.0342943230246 42.46637904915795 816.8923917397503 47.431000652884876 816.0157056769754 30.453620950842048 912.1576082602496 25.488999347115122
0 253.89045819960023 205.1752840364488 115.78504993448618 233.3997026828296 110.98954180039976 209.9347159635512 249.09495006551384 181.71029731717041
0 158.5080800003372 611.9094230233325 95.9594327066754 578.674567498852 101.5619199996628 568.1305769766675 164.1105672933246 601.365432501148
0 540.3622968719025 530.6297214819971 468.28497104074415 508.4593087427391 473.14770312809765 492.65027851800295 545.2250289592558 514.8206912572608
0 945.5586597367579 329.3801040371209 831.6922988295429 261.37151080253125 841.291340263242 245.29989596287908 955.157701170457 313.3084891974687
0 710.210812490185 272.7764711339789 613.5482490396911 250.3059031131387 617.189187509815 234.64352886602114 713.851750960309 257.1140968868613
0 557.1394022410631 520.2114143907162 473.91909451411215 489.9837452475025 479.06059775893704 475.8285856092838 562.280905485888 506.05625475249747
0 300.0602428814716 510.6806036985973 203.61749730079947 487.2421881194303 208.26975711852833 468.0993963014027 304.7125026992005 491.5378118805697
0 662.2207207633243 741.161631494452 551.7146039860753 701.0230832544742 559.5292792366757 679.5083685055481 670.0353960139247 719.6469167455259
0 563.051948185552 328.01544855963203 474.0576429485511 284.0997197670509 482.9080518144482 266.1645514403679 571.9023570514489 310.08028023294906
0 476.55941085377845 834.9320009527092 350.06075414947634 809.4991333989489 354.57058914622155 787.0679990472908 481.06924585052366 812.5008666010511
0 897.9127108905395 366.3198532308634 784.7776690858236 310.49147410478474 792.7872891094605 294.26014676913667 905.9223309141764 350.0885258952153
0 708.2068816790872 111.33831344742444 617.6473743109354 151.95281978737216 611.0631183209127 137.27168655257555 701.6226256890645 96.65718021262785
0 535.714010911751 564.0646167755397 398.776296498182 533.671603249602 403.7359890882491 511.32538322446044 540.6737035018181 541.7183967503981
0 536.0273069723077 582.2895478837761 413.68546887163455 557.6924189832587 417.28269302769223 539.8004521162238 539.6245311283654 564.3975810167412
0 907.3387973208443 352.2662877169192 821.9900129557824 305.8163802099479 830.2312026791557 290.6737122830809 915.5799870442175 337.12361979005215
0 792.3489903552421 86.04627698714835 710.6200520640192 139.7787322240856 701.281009644758 125.57372301285166 783.0099479359809 71.8412677759144
0 40.759796849983154 863.7118438781938 1.064901248155219 856.1432665244251 5.350203150016843 833.6681561218063 45.04509875184478 841.236733475575
0 874.8659449892498 440.516231034742 784.4579656551437 399.22737814774786 792.1640550107502 382.353768965258 882.5720343448563 423.64262185225215
0 887.9633173390655 380.0106473041452 795.929001070692 334.59477420879455 803.1066826609344 320.04935269585474 895.1409989293079 365.4652257912054
0 686.6191626935281 134.0334310177337 639.3913531078804 155.2143564399573 634.6608373064719 144.66656898226628 681.8886468921196 123.48564356004267
0 252.94198486118344 218.85119627018324 171.1329497438663 235.5703999944511 168.57801513881654 223.06880372981678 250.38705025613368 206.34960000554892
0 105.9526027885138 458.81321083868266 29.344820061632454 416.12202175157785 37.907397211486206 400.7567891613174 114.51517993836755 443.4479782484222
0 563.4178248054792 505.87699940901354 469.2568757645266 471.6754193913136 474.9821751945209 455.9130005909864 569.1431242354735 490.11458060868637
0 437.33202605610956 225.6525022254325 408.2703026758024 211.67113125665736 411.9379739438904 204.0474977745675 440.9996973241976 218.02886874334263
0 851.3868579912652 656.9109157325694 770.2531674221394 627.4411574262423 775.7531420087349 612.2990842674307 856.8868325778607 641.7688425737578
