0 126.91822429508616 275.8841037601911 36.81798745006763 326.47102124358366 26.55177570491384 308.1858962398089 116.65201254993238 257.5989787564164
0 843.264126542537 470.706600758892 780.6533251458345 532.8426744074793 767.3258734574629 519.413399241108 829.9366748541654 457.2773255925207
0 88.10643345582916 785.3583899430147 10.318601232163989 835.3929106056825 0.28356654417085014 819.7916100569854 78.07139876783602 769.7570893943176
0 554.6945038253086 585.4379273561043 480.8935386057704 651.6956811111519 467.40549617469145 636.6720726438956 541.2064613942296 570.414318888848
0 582.6753718193665 890.9546925400821 577.7134158857702 940.808368365572 565.3246281806335 939.5753074599179 570.2865841142298 889.7216316344279
0 321.4010869482291 648.0170692854704 241.89874974341254 694.7690882683082 231.26891305177085 676.6929307145297 310.7712502565874 629.9409117316918
0 568.8401266344553 889.234783605459 561.6586610706814 961.3882773001952 549.2698733655446 960.1552163945411 556.4513389293185 888.0017226998049
0 160.17565408666368 550.7247398637126 62.13627965433754 555.7873440273968 61.05434591333629 534.8352601362874 159.09372034566243 529.7726559726032
0 467.7397970297803 475.48479500440607 413.8489970455718 509.39129256847247 405.9302029702197 496.8052049955939 459.82100295442814 462.8987074315275
0 638.1866817631678 882.1104620953298 601.7163042449715 815.7292963652807 612.8733182368321 809.5995379046702 649.3436957550284 875.9807036347194
0 563.2071196053035 602.2413311378893 494.39170053388904 664.0231124170464 482.13288039469643 650.3686688621106 550.9482994661108 588.5868875829535
0 423.921428482665 994.3419510013716 422.7707034538101 1023.6793917879836 412.538571517335 1023.2780489986283 413.68929654618995 993.9406082120163
0 888.7182945294633 575.574933367266 861.3312150505833 586.8835485617766 857.4917054705368 577.5850666327341 884.8787849494167 566.2764514382235
0 487.92550609372614 518.7355061432253 391.46038163636416 579.4285095573395 379.82449390627386 560.9344938567748 476.28961836363584 500.2414904426606
0 47.2655253071208 883.8184952713689 18.95071327182638 927.1112697193751 0.6644746928792031 915.1515047286312 28.97928672817362 871.858730280625
0 383.12989942239415 392.13526872282074 270.7981519678767 432.07255598440776 263.77010057760583 412.3047312771793 376.10184803212326 372.3674440155923
0 655.1053801618111 828.7021046535899 655.0046608445973 786.5422249618837 669.3746198381889 786.5078953464101 669.4753391554027 828.6677750381164
0 243.42360333796836 528.141184442074 153.07325047553218 566.510434338746 144.87639666203165 547.208815557926 235.22674952446783 508.83956566125397
0 317.82079073390247 761.8178737392601 276.742936498334 851.5746227412232 256.3292092660975 842.2321262607398 297.40706350166596 752.4753772587768
0 485.9545792262338 901.2204451923928 494.22015923824665 934.8804479711362 481.9254207737662 937.899554807607 473.65984076175334 904.2395520288637
0 75.88696375299124 655.4949732773695 5.209199185292636 670.677123840217 0.8030362470087726 650.1650267226306 71.48080081470737 634.9828761597831
0 189.68236404867235 374.6235310706256 53.59917659071701 392.63516595708137 50.847635951327646 371.84646892937445 186.930823409283 353.83483404291866
0 932.849868272347 568.518977871003 850.938191477938 602.3417749866805 847.1101317276531 593.0710221289969 929.0218085220621 559.2482250133194
0 214.28533977340808 724.1862586591332 128.9644969182336 774.3598988946454 118.33466022659192 756.2837413408669 203.6555030817664 706.1101011053546
0 440.7314064042394 835.9688031764028 438.6388584038796 889.317780138161 425.97859359576063 888.8211968235971 428.0711415961204 835.472219861839
0 366.1475192869203 796.3605965780457 396.02348638671947 827.743959843504 386.12248071307965 837.1694034219543 356.2465136132805 805.786040156496
0 376.6028834398815 413.4066099511928 291.7063264053007 465.64334993058054 280.71711656011854 447.78339004880723 365.6136735946994 395.5466500694195
0 643.412528905753 279.8472740124449 491.21318458320286 293.8267299312506 488.02747109424706 259.1427259875551 640.2268154167972 245.1632700687494
0 949.8398823003464 597.7393296770242 864.0434360229273 638.2976803112147 858.0601176996537 625.6406703229759 943.8565639770728 585.0823196887854
0 703.0771127515361 537.0684778580022 634.2616936801217 598.8502591371592 618.802887248464 581.6315221419978 687.6183063198785 519.8497408628408
0 447.1988087803989 651.2334955842507 391.55602814390596 727.676830565393 376.25119121960114 716.5365044157493 431.8939718560941 640.093169434607
0 199.69198248218794 707.1932376462541 114.37113962701346 757.3668778817664 104.96801751781209 741.3767623537458 190.28886037298656 691.2031221182335
0 946.4310024050769 620.9145403304627 874.2498825864348 655.0365499683318 866.368997594923 638.3654596695372 938.5501174135652 604.2434500316682
0 892.800563358072 375.58311612766084 808.108412159048 427.69408546504354 796.579436641928 408.9568838723391 881.2715878409521 356.8459145349564
0 773.1968153464337 414.17358235078746 690.811389586566 456.1877706966942 682.2431846535663 439.3864176492125 764.6286104134341 397.37222930330574
0 403.54188374683935 254.70435540245285 333.24332784926554 320.403681416619 318.9181162531607 305.07564459754707 389.2166721507345 239.37631858338096
0 294.116330346483 972.3250947890039 234.70851828025937 919.3301519594824 249.25366965351705 903.024905210996 308.66148171974066 956.0198480405176
0 157.88472990041024 870.0962430184446 158.69219306400433 908.9178465819174 144.4652700995898 909.2137569815553 143.6578069359957 870.3921534180826
0 942.3720509903029 585.2526454823095 859.8031422598848 624.2852499440652 851.417949009697 606.5473545176905 933.9868577401152 567.5147500559348
