0 889.9299575766826 165.07128981855715 829.7567430373634 185.78924946725465 822.2300424233175 163.92871018144285 882.4032569626366 143.21075053274535
0 983.7934196951583 414.70062806182864 909.04971647818 381.4648216264153 915.8065803048416 366.2693719381714 990.5502835218199 399.5051783735847
0 442.28935838709526 810.71195868456 385.59783843682783 764.0739949025891 395.4006416129048 752.1580413154398 452.0921615631722 798.7960050974108
0 783.7063712104275 255.68377853089225 752.8822543973884 266.2966868361647 750.7336287895725 260.0562214691077 781.5577456026117 249.44331316383528
0 228.76336961133268 577.2295674255122 132.3440756652131 622.8096316524502 124.7666303886673 606.7804325744878 221.18592433478688 561.2003683475498
0 651.9023622218394 328.0591338108584 624.6896082263979 317.5541388092611 630.3076377781606 303.00086618914156 657.5203917736021 313.50586119073887
0 475.7145839848437 469.0220070861518 409.06958760366484 515.7596199622141 399.82541601515624 502.5779929138482 466.4704123963351 455.84038003778596
0 408.7811874207884 429.5847992416489 363.04667270515387 461.6580554487353 350.63881257921156 443.96520075835105 396.3733272948461 411.89194455126466
0 893.9809515197911 852.1775486907893 789.1134341085454 826.6916664811802 793.8790484802088 807.0824513092107 898.7465658914545 832.5683335188198
0 238.33645015583255 618.1760501801916 185.6561664404984 643.079475801417 179.93354984416743 630.9739498198085 232.6138335595016 606.0705241985831
0 153.95501211391453 630.0219609533999 43.3056226524464 682.3289844952183 35.33498788608547 665.4680390466001 145.9843773475536 613.1610155047817
0 812.843062267008 200.81965617729583 752.6698477276889 221.53761582599333 746.7969377329921 204.48034382270419 806.9701522723112 183.76238417400668
0 723.3932488378431 685.5446219036729 644.6408523612948 731.855631925055 636.266751162157 717.6153780963272 715.0191476387052 671.304368074945
0 117.49633729312237 679.1851725418438 78.65739807206941 697.5454121966892 72.82366270687763 685.2048274581563 111.66260192793058 666.8445878033109
0 300.52303127042893 749.9176272559372 213.40334467512437 751.7990648807091 213.09696872957105 737.6123727440628 300.2166553248756 735.7309351192908
0 130.14525157105703 620.212198090257 75.08725812221802 646.2396327964972 64.71474842894297 624.297801909743 119.772741877782 598.2703672035028
0 121.09993513367672 661.3029212976205 54.24380023151504 692.9076634409123 48.41006486632327 680.5670787023794 115.26619976848494 648.9623365590876
0 456.7583680228352 461.6860515095364 404.9242805425842 498.03689022186444 398.0916319771648 488.2939484904636 449.9257194574158 451.9431097781356
0 554.525061420746 347.48954935815226 499.6769510220846 379.0095808571252 491.654938579254 365.0504506418477 546.5030489779155 333.5304191428748
0 830.7812010164614 219.69786802370703 710.0471066650209 261.2672625482543 702.3087989835385 238.79213197629298 823.042893334979 197.22273745174573
0 811.3165423875395 239.14053037304006 740.1846924536459 263.6316068087961 736.1934576124605 252.03946962695994 807.3253075463541 227.5483931912039
0 576.4661026283795 354.7766429439004 497.8267789932452 399.96897391065414 490.0538973716205 386.4433570560996 568.6932210067548 341.2510260893459
0 114.96759584080378 688.4601845024443 86.47124192442602 701.9311983274146 83.49240415919623 695.6298154975556 111.98875807557398 682.1588016725854
0 453.288229561547 449.1690737290784 393.69253808014633 490.9630644078077 384.861770438453 478.3709262709216 444.45746191985364 436.5769355921923
0 742.3922097374372 708.858835899999 682.6192590972986 752.5861496955155 673.2077902625628 739.7211641000009 732.9807409027013 695.9938503044845
0 425.9219519419939 344.24031325501926 440.69934407703505 383.405199080044 429.2380480580061 387.72968674498077 414.4606559229649 348.56480091995604
0 692.4087402974438 342.483374667184 663.5447496008734 331.3409493895213 667.1712597025561 321.9466253328159 696.0352503991265 333.08905061047864
0 699.099220405991 657.3671504588419 625.9153493370445 700.4035422147017 618.2407795940089 687.3528495411581 691.4246506629554 644.3164577852983
0 950.7739044964372 170.51712750624674 824.7732355852228 213.8998318240568 816.9860955035628 191.28287249375327 942.9867644147772 147.9001681759432
0 118.4741630244593 696.6748905443698 83.02549433597034 713.4324556483383 79.31583697554069 705.5851094556302 114.76450566402966 688.8275443516617
0 539.3658167283669 619.6131968845096 448.1510990676037 601.2742524746681 451.8941832716331 582.6568031154903 543.1089009323963 600.9957475253319
0 312.5125197783935 772.0598923150877 210.86622030462004 774.25504681716 210.39748022160651 752.5501076849122 312.0437796953799 750.35495318284
0 781.1641002740004 725.6733833732626 713.9740092560213 774.8267573062458 705.4658997259997 763.1966166267373 772.6559907439788 714.0432426937541
0 916.6294894750899 198.91310427856789 845.7151103039878 223.32930436738488 840.47051052491 208.0968957214321 911.3848896960121 183.6806956326151
0 781.2591379724023 266.61219716655665 749.1680175848395 277.6613415800826 746.2608620275977 269.2178028334434 778.3519824151605 258.16865841991745
0 317.2092314908663 543.4254573759205 247.10747759886334 576.5644932892516 240.29076850913373 562.1445426240795 310.3925224011367 529.0055067107484
0 769.2716525693992 715.3552528141312 670.459846643499 787.6417101188175 657.7183474306008 770.2247471858688 756.530153356501 697.9382898811824
0 276.6705163958352 521.2353564779615 236.014392169328 540.4546296920768 228.03948360416473 523.5846435220384 268.695607830672 504.3653703079232
0 223.46431325643138 594.2365298194815 170.78402954109723 619.1399554407068 165.0656867435686 607.0434701805185 217.74597045890275 582.1400445592932
0 1016.9002375796259 727.0905900292804 947.9932976191348 702.8390720297558 954.6097624203741 684.0394099707197 1023.5167023808652 708.2909279702443
0 701.7746121387923 637.04864061179 616.7640895849703 687.039794380493 607.6853878612077 671.6013593882101 692.6959104150297 621.610205619507
0 732.2563770495386 696.7851595003231 668.5859735038752 742.3932959710492 659.3036229504613 729.434840499677 722.9740264961248 683.8267040289509
0 462.9249713501764 421.8872602497122 350.1688423376954 500.9622485211039 336.51502864982365 481.4927397502878 449.27115766230463 402.4177514788961
0 801.9680924970372 738.8383854448152 693.526694822748 814.8874864943784 681.7619075029628 798.1116145551848 790.203305177252 722.0625135056216
0 191.05542888722752 573.9132140959597 139.55947967793574 598.2567720740786 131.58457111277247 581.3867859040403 183.08052032206425 557.0432279259213
0 709.8146270701644 671.6199847528077 625.3644050604508 721.2816490675494 616.9953729298355 707.0500152471924 701.4455949395491 657.3883509324506
0 231.3843132564314 605.7065298194815 178.70402954109724 630.6099554407068 172.9856867435686 618.5134701805185 225.66597045890276 593.6100445592932
0 319.0455751027617 566.3578225877696 278.98613848998576 585.2950250809307 273.9644248972383 574.6721774122303 314.0238615100142 555.7349749190693
0 840.2281246705044 439.5751316018142 728.9586071673381 368.5046357922831 740.4618753294957 350.4948683981859 851.731392832662 421.5653642077169
0 833.5854332179629 462.774345398584 722.3159157147966 391.70384958905294 733.8245667820372 373.68565460141605 845.0940842852035 444.7561504109471
0 302.0543080806627 560.3877742928523 281.8392549851612 569.9439884148808 278.50569191933727 562.8922257071476 298.72074501483877 553.3360115851192
0 693.4038007070933 620.5679383573039 597.0752071622787 677.2147790960238 586.5061992929068 659.2420616426961 682.8347928377214 602.5952209039762
0 686.13709078848 373.65099151671814 603.7618361502393 341.8515037333433 614.4829092115199 314.0790084832819 696.8581638497606 345.8784962666567
0 318.90035336815987 524.4134426988703 213.48554160897052 574.2459367341348 204.83964663184017 555.9565573011296 310.25445839102946 506.1240632658651
