0 24.61406790127338 732.0034423732653 26.87608991520863 716.7906958622478 77.82593209872661 724.3665576267346 75.56391008479136 739.579304137752
0 142.3909308007443 947.4741632100465 144.2523242475816 937.6692861360557 171.3090691992557 942.8058367899534 169.44767575241838 952.6107138639443
0 16.123590729889848 750.5313666739316 18.610638340790054 733.8052585138989 79.02640927011015 742.7886333260683 76.53936165920996 759.514741486101
0 554.752372487724 1006.7086771545564 554.0869658128593 1015.0923120438538 534.797627512276 1013.5613228454436 535.4630341871407 1005.1776879561462
0 399.18755857393677 818.8603674519384 400.66716638389784 802.0152239165243 490.2024414260632 809.8796325480616 488.72283361610215 826.7247760834757
0 114.1509308007443 942.2941632100466 116.01232424758162 932.4892861360557 143.06906919925572 937.6258367899535 141.20767575241842 947.4307138639443
0 504.95387316974364 999.7556395399537 502.738652746486 1009.2506539410161 470.43612683025634 1001.7143604600464 472.65134725351396 992.2193460589839
0 483.329462037982 1014.6112743402884 480.07862891768013 1023.8245790689919 463.00053796201803 1017.7987256597116 466.2513710823199 1008.5854209310082
0 556.6499536188857 1015.3699678654305 556.1507008105151 1021.6601861949746 534.1000463811143 1019.9100321345695 534.5992991894849 1013.6198138050254
0 573.6491854702224 884.3737390398264 598.3792289187818 888.3646601155133 578.9408145297775 1008.8162609601736 554.2107710812181 1004.8253398844868
0 943.0974574192592 715.4709821149008 941.5605726942235 725.6950145166468 913.8731425807409 721.5330178850991 915.4100273057766 711.3089854833531
0 287.80595853655524 980.3442048305359 291.3478284318899 961.6874297167998 368.82404146344476 976.3957951694641 365.2821715681101 995.0525702832002
0 39.929284931116946 259.39790533646794 33.360713484069976 266.6032067975477 15.380715068883054 250.21209466353207 21.949286515930027 243.00679320245226
0 246.29746270169733 810.626438148551 249.4513868686331 794.0131644690734 319.9325372983027 807.393561851449 316.7786131313669 824.0068355309265
0 66.69025130648862 936.2935656825138 68.98621857408054 924.1995740211083 111.89974869351138 932.3464343174863 109.60378142591946 944.4404259788918
0 181.95989168243062 956.1226267138181 183.9425181693926 945.6791554416216 219.91010831756938 952.507373286182 217.9274818306074 962.9508445583785
0 533.9341503220427 1003.2569539243568 532.1320826994264 1013.2050518472524 503.6358496779572 1008.0430460756431 505.4379173005735 998.0949481527475
0 24.224727573402145 714.7925595755316 26.280843812336794 700.9645884296262 73.17527242659786 707.9374404244684 71.11915618766321 721.7654115703738
0 38.56055610681712 934.0178962888413 39.85495195060979 927.1996751572283 59.19944389318289 930.8721037111588 57.90504804939022 937.6903248427718
0 387.1824232931908 801.9327414837155 388.4341200910146 775.6625443941177 499.97757670680915 780.9772585162846 498.72587990898535 807.2474556058824
0 324.26912754207615 825.1205212561231 327.46967980136753 808.2616344234896 386.1908724579239 819.4094787438769 382.9903201986325 836.2683655765104
0 597.2406337560556 904.6548652242758 622.296462208129 908.6983613081453 604.4193662439445 1019.4751347757243 579.3635377918711 1015.4316386918548
0 46.37091643293898 249.5616003628582 39.80908198224795 256.75951177115746 21.829083567061026 240.3683996371418 28.39091801775205 233.17048822884254
0 446.4884238463922 1000.4564259586433 445.71699518052657 1010.175859986069 422.0015761536078 1008.2935740413567 422.77300481947344 998.574140013931
0 464.175759400194 993.0624808964822 463.40433073432837 1002.7819149239078 441.174240599806 1001.0175191035178 441.94566926567165 991.2980850760921
0 20.27287673173771 772.418890848843 22.759924342637916 755.6927826888103 80.31712326826229 764.251109151157 77.83007565736209 780.9772173111897
0 57.82523012772877 320.23193590030695 61.01963625519366 325.8007930086206 43.974769872271224 335.578064099693 40.78036374480634 330.00920699137936
0 34.23502754801257 267.75286223131735 27.54166337415529 276.75770959460584 1.1049724519874378 257.10713776868266 7.798336625844714 248.10229040539414
0 40.94919050226397 927.1052423157112 42.771416351522525 917.5066802903714 65.20080949773603 921.7647576842887 63.37858364847748 931.3633197096285
0 231.38395200749878 965.893428134291 233.8832177577613 952.7285631251249 276.2760479925012 960.7765718657091 273.7767822422387 973.9414368748752
0 286.03292846725896 989.7822031833069 287.7973354819965 980.4882014678807 312.44707153274106 985.1677968166931 310.6826645180035 994.4617985321194
0 678.1153566391015 897.8457867582247 689.3146179043079 906.0113331033044 665.3246433608986 938.9142132417753 654.1253820956922 930.7486668966956
0 23.04760857419085 274.5461917965684 16.354244400333577 283.5510391598569 0.7923914258091491 271.9838082034316 7.485755599666422 262.9789608401431
0 136.95762531302904 956.2578440749631 138.77985116228763 946.6592820496234 168.87237468697094 952.372155925037 167.05014883771236 961.9707179503768
0 421.22983222051005 370.07107039183154 423.0756304178369 357.6575483688622 469.96016777949 364.6289296081685 468.11436958216314 377.04245163113785
0 497.01513861535193 1008.4449706242134 495.1793456902318 1016.3136594817091 470.02486138464803 1010.4450293757867 471.86065430976817 1002.576340518291
0 389.0514782002947 840.5901866144367 390.8845819033511 819.7205380593258 488.5585217997053 828.2998133855634 486.7254180966489 849.1694619406743
0 418.5366468061241 981.3488817024252 417.25409719856697 997.5080638136633 369.79335319387593 993.7411182975748 371.0759028014331 977.5819361863366
0 168.4607755918553 796.2222773293548 171.6146997587911 779.6090036498773 230.7092244081447 790.8277226706451 227.55530024120893 807.4409963501226
