0 32.27065292079136 235.79852133102045 42.33681875448336 239.02299111822762 32.59934707920864 269.4214786689796 22.533181245516648 266.19700888177243
0 8.321848921783227 366.2087071421286 17.57853122107236 369.1738770883589 10.138151078216774 392.4012928578714 0.8814687789276392 389.4361229116411
0 21.793116926984087 331.53860301866865 28.20232185231494 333.591647641933 20.456883073015913 357.7713969813313 14.047678147685058 355.71835235806697
0 321.8521068202086 427.9249581660942 347.12602049564777 438.6105974790435 311.72789317979147 522.3350418339057 286.4539795043523 511.64940252095647
0 44.720652920791366 237.94852133102043 54.78681875448335 241.17299111822763 45.04934707920863 271.5714786689796 34.98318124551665 268.3470088817724
0 70.96798031656314 250.60199706419814 81.28386344939545 254.963482498055 66.85201968343685 289.0980029358019 56.536136550604546 284.73651750194506
0 13.113600257161552 322.38961093406255 21.684602386132973 325.1351386620535 12.566399742838447 353.60038906593746 3.9953976138670253 350.8548613379465
0 292.3376282605515 543.8727441358405 300.02848756047564 547.1243872941177 288.9923717394485 573.2272558641594 281.3015124395244 569.9756127058822
0 25.187513682054274 652.7831219886791 32.45468492473704 655.8556327094943 23.482486317945728 677.0768780113208 16.215315075262964 674.0043672905056
0 35.6931722032235 618.5029085836755 45.99984472611578 622.8604998341094 33.1568277967765 653.2370914163245 22.85015527388421 648.8795001658906
0 30.710161881368144 339.213762344536 39.966844180657276 342.1789322907663 28.749838118631857 377.19623765546396 19.493155819342725 374.2310677092337
0 133.49052839701633 496.3955271823952 156.42494714768816 506.0920439058807 104.58947160298368 628.6944728176047 81.65505285231185 618.9979560941192
0 372.5420440644056 323.53740618192666 391.53432176074506 331.567212400331 361.51795593559433 402.56259381807337 342.5256782392549 394.532787599669
0 118.30995861967708 421.1427991651425 128.6258417525094 425.50428459899933 115.37004138032293 456.8572008348575 105.05415824749062 452.49571540100067
0 93.7630068390946 685.0039645031869 100.81833405315669 687.9869090052713 92.47699316090541 707.7160354968131 85.42166594684332 704.7330909947287
0 111.80396528499506 785.547150681402 116.04084585740833 787.3384750560217 108.41603471500494 805.3728493185981 104.17915414259167 803.5815249439784
0 86.92371477467583 493.4601784573462 97.23959790750814 497.82166389120306 84.99628522532416 526.7798215426537 74.68040209249185 522.4183361087969
0 54.45610549565439 689.0982240485229 64.7719886284867 693.4597094823797 54.32389450434561 718.1717759514771 44.0080113715133 713.8102905176203
0 84.21577830368673 707.2914151923143 90.56188855236661 709.974507570821 84.51422169631326 724.2785848076857 78.16811144763338 721.595492429179
0 106.01881459766528 782.4500198580486 111.61886544120281 784.8176833792852 102.70118540233472 805.9099801419513 97.10113455879718 803.5423166207147
0 78.84746641522563 633.6565108041573 86.12384826784842 636.7329157083957 71.67253358477438 670.9134891958427 64.3961517321516 667.8370842916042
0 64.93876409289199 546.8902697712224 75.25464722572428 551.2517552050792 59.26123590710801 589.0797302287776 48.945352774275705 584.7182447949208
0 20.540652920791363 231.57852133102043 30.606818754483353 234.8029911182276 20.869347079208634 265.2014786689796 10.803181245516644 261.9770088817724
