0 394.59000000000003 472.81 470.48 472.81 470.48 489.73999999999995 394.59000000000003 489.73999999999995
0 724.95 1006.4 734.56 1006.4 734.56 1023.89 724.95 1023.89
0 762.35 1006.8000000000001 771.9599999999999 1006.8000000000001 771.9599999999999 1023.39 762.35 1023.39
0 725.983214611136 957.3790259934282 737.3190300666188 957.9462895646503 735.506785388864 994.1609740065718 724.1709699333812 993.5937104353496
0 830.2777002379328 955.7998883137557 841.6135156934156 956.3671518849778 839.7322997620672 993.9601116862443 828.3964843065844 993.3928481150222
0 643.59 717.69 760.68 717.69 760.68 739.99 643.59 739.99
0 598.9096827401202 551.1709380950239 610.245498195603 551.738201666246 608.2803172598799 591.0090619049762 596.9445018043971 590.441798333754
0 592.1132669490036 603.0672656452908 609.052419956062 603.2366628219717 608.2667330509965 681.8027343547091 591.3275800439382 681.6333371780282
0 482.46 506.94000000000005 599.54 506.94000000000005 599.54 529.24 482.46 529.24
0 146.35605473932978 7.036572695237592 135.8950364147399 18.283647675542255 131.30394526067025 14.01342730476241 141.76496358526012 2.7663523244577464
0 622.5 992.6 639.6600000000001 992.6 639.6600000000001 998.87 622.5 998.87
0 761.0934936700033 954.9672826066792 772.4293091254862 955.5345461779013 770.7565063299966 988.9627173933209 759.4206908745138 988.3954538220987
0 641.7900000000001 991.5999999999999 658.9 991.5999999999999 658.9 999.02 641.7900000000001 999.02
0 796.7711528105348 900.6292307413312 806.6288178806332 901.1225251420328 805.3588471894653 926.5007692586689 795.501182119367 926.0074748579673
0 485.49999999999994 467.40000000000003 602.5899999999999 467.40000000000003 602.5899999999999 489.7 485.49999999999994 489.7
0 673.5400000000001 903.81 715.4 903.81 715.4 916.2 673.5400000000001 916.2
0 744.1981998286176 960.038158776868 753.7961898310132 960.5184585935593 752.3318001713824 989.7818412231319 742.7338101689868 989.3015414064406
