0 981.6001990046165 620.4910273926259 994.6049034448002 621.7958501482001 991.6698009953835 651.048972607374 978.6650965551997 649.7441498517999
0 1008.0574794559554 501.1273716988285 1021.0522338544865 502.4311961202361 1019.0825205440447 522.0626283011716 1006.0877661455136 520.758803879764
0 322.89094320303803 794.6083601778466 320.9525380714994 807.5034827265479 279.429056796962 801.2616398221533 281.36746192850063 788.366517273452
0 388.5834595342919 501.47442329383836 407.6159411348238 505.53105294484345 396.9365404657081 555.6355767061616 377.9040588651762 551.5789470551565
0 402.89467003583326 425.8798911679604 421.9271516363652 429.9365208189655 410.0053299641667 485.8701088320396 390.9728483636348 481.8134791810345
0 254.545844086167 794.4853543380781 270.3644795950654 797.2007310406033 256.444155913833 878.2946456619219 240.62552040493455 875.5792689593967
0 326.3358309165917 781.039168239483 324.3974257850531 793.9342907881843 285.5241690834083 788.0908317605171 287.4625742149469 775.1957092118158
0 972.832752865945 662.0379217522036 983.1536166530021 664.4544835016766 975.9472471340549 695.2320782477964 965.6263833469978 692.8155164983234
0 380.7261785079908 586.3650221583378 390.67275291073537 588.4850593397725 384.8838214920092 615.6449778416622 374.93724708926464 613.5249406602275
0 958.5046630746075 714.682985600469 965.3801418566787 715.3728345094985 963.4653369253925 734.4570143995311 956.5898581433213 733.7671654905016
0 948.0132738608668 765.2494131622537 954.8788026012851 765.9382637371169 953.1267261391333 783.4005868377463 946.261197398715 782.7117362628832
0 994.6793364216637 722.8247624223663 1000.2414097055678 723.3828312214221 998.8906635783362 736.8452375776337 993.3285902944322 736.287168778578
0 982.2100706208464 771.1157582887396 989.0855494029176 771.8056071977691 987.0599293791536 791.9942417112603 980.1844505970823 791.3043928022308
0 372.03506720225124 586.1893333130997 380.1625041036089 587.9216350808208 374.5549327977488 614.2306666869003 366.4274958963911 612.4983649191793
0 1017.0649301541621 459.6156622491485 1023.8903315831499 461.2137846891302 1020.865069845838 474.1343377508515 1014.0396684168502 472.5362153108698
0 1002.143778950407 680.5464859853454 1007.705852234311 681.1045547844011 1006.2862210495931 695.2535140146546 1000.724147765689 694.6954452155989
0 363.18949756393505 627.5987337468571 391.5792400011754 633.0586444006276 364.7405024360649 772.611266253143 336.35075999882457 767.1513555993724
0 1014.9865740528825 636.8126308620534 1020.5486473367865 637.3706996611091 1018.8834259471174 653.9673691379465 1013.3213526632134 653.4093003388908
0 989.6001294135476 578.4910100859305 999.4867893009996 579.4829848637584 996.8730705864523 605.5329899140694 986.9864106990003 604.5410151362415
0 353.9819457244349 337.28002324653465 362.87309515442814 338.5329808729253 357.7642542755651 374.7859767534654 348.8731048455719 373.53301912707474
