0 781.6654813759715 292.5713719315851 767.3706152731841 342.43271670991385 748.9045186240285 337.13862806841496 763.1993847268159 287.2772832900862
0 802.6442763160583 308.09367713393516 795.2942844332485 333.73088679728636 785.8257236839418 331.01632286606485 793.1757155667515 305.37911320271365
0 710.623604315709 225.5239941334623 744.5034482563666 215.29617547273673 748.0263956842911 226.9660058665377 714.1465517436335 237.19382452726327
0 710.8473968105897 250.50604914431963 741.6733638885545 241.20015027810422 745.3726031894104 253.45395085568032 714.5466361114455 262.7598497218957
0 632.3363441962593 102.35213371567332 689.4888359526102 85.09865041402546 696.0636558037407 106.87786628432667 638.9111640473899 124.13134958597453
0 793.2713617904161 338.3337014987926 783.8571989588908 371.17086243242886 774.388638209584 368.45629850120736 783.8028010411093 335.6191375675711
0 657.9458087719913 549.7794514448128 39.52454260626024 790.7760820311635 7.154191228008639 707.7105485551872 625.5754573937397 466.7139179688366
0 658.9446361600279 153.8128470435134 705.7005439888416 139.6979370861854 712.2753638399721 161.47715295648663 665.5194560111585 175.59206291381463
0 672.73613083711 187.07068870032143 729.8790493117596 169.82009542937735 736.4538691628901 191.5993112996786 679.3109506882405 208.84990457062267
0 548.6963441962592 125.45213371567333 605.8488359526101 108.19865041402547 612.4236558037406 129.9778662843267 555.2711640473898 147.23134958597456
