0 290.5263400507001 961.2139833336797 229.04675709726618 960.0821795203661 229.46365994929985 937.4360166663204 290.9432429027338 938.567820479634
0 389.7464320822348 965.7239841807318 328.26684912880086 964.5921803674182 328.6835679177652 941.9560158192683 390.1631508711991 943.0878196325818
0 431.8480131535897 852.2201854632459 433.74168788716133 913.6910240454828 412.0319868464103 914.359814536754 410.13831211283866 852.8889759545172
0 134.75747133670814 956.0761496493801 108.99183704316455 955.6018191197154 109.21252866329188 943.6138503506199 134.97816295683543 944.0881808802847
0 68.89540596875783 952.7975661602346 47.339058457357005 952.4007261827579 47.52459403124218 942.3224338397653 69.080941542643 942.719273817242
0 764.81974640059 750.8481233205503 579.811094104226 747.4422202856579 580.86025359941 690.4518766794497 765.8689058957741 693.8577797143421
0 63.53380157590294 907.8264202457387 62.61138866640523 939.4029503658198 51.33619842409706 939.0735797542613 52.25861133359477 907.4970496341803
0 211.18652212314126 117.08729788470612 288.4374375702533 478.11490910382486 218.81347787685874 493.0127021152939 141.56256242974675 131.98509089617517
0 946.026809102752 759.9079415622741 803.6309365343985 757.2865153288685 804.2331908972479 724.5720584377259 946.6290634656015 727.1934846711315
0 753.3747518253509 645.0375905367295 690.4754094347096 643.8796497675711 690.7752481746492 627.5924094632707 753.6745905652905 628.750350232429
0 190.3735511465691 957.8790911138658 163.21815233350574 957.3791758175641 163.40644885343087 947.1509088861342 190.56184766649423 947.6508241824358
0 532.6040410165016 743.1767556405146 469.7146969317561 742.0189989344256 470.17595898349845 716.9632443594855 533.0653030682439 718.1210010655745
0 829.871085126075 635.701321068261 968.6144659324428 649.6220926854946 965.3489148739251 682.1686789317389 826.6055340675572 668.2479073145053
0 967.46350411898 730.7547848312889 827.5247602791868 719.7600191429837 831.22649588102 672.6452151687112 971.1652397208132 683.6399808570164
0 91.45562316320984 953.247476119947 69.91927226360066 952.851004268609 70.08437683679016 943.8825238800531 91.62072773639933 944.2789957313911
