0 564.5047929949692 639.7610746165988 591.188840341986 622.537276627126 657.2152070050308 724.8289253834012 630.5311596580141 742.052723372874
0 620.952309292234 609.6230701460844 658.8359268891164 585.1702662624156 720.637690707766 680.9169298539156 682.7540731108835 705.3697337375844
0 592.2820474370786 625.3686662660957 618.8568716683804 608.2153687091995 682.1879525629214 706.3313337339043 655.6131283316196 723.4846312908005
0 746.3898612096322 530.982491857918 772.0488916245532 514.4203133126254 856.2101387903678 644.8075081420819 830.5511083754467 661.3696866873746
0 490.7568083003934 698.9257158876794 517.230811194112 681.8374956531616 585.5131916996065 787.6242841123205 559.039188805888 804.7125043468384
0 289.2725465338711 211.4575474293862 314.8845823141938 180.90201563582266 499.9574534661289 336.0324525706138 474.34541768580624 366.5879843641774
0 539.4378501674527 664.43906052786 568.171931378661 645.8920236500273 653.9221498325472 778.7409394721401 625.1880686213389 797.2879763499727
0 475.4314332486789 720.2110529729828 495.90854756062606 707.8476315429962 537.128566751321 776.1189470270172 516.6514524393739 788.4823684570038
0 662.7236011303044 589.3287654190996 700.6156205053187 564.8705384252324 771.0563988696956 674.0012345809004 733.1643794946813 698.4594615747675
0 690.1033153299943 547.6884935209778 738.3967360323409 516.5164561017432 842.8566846700057 678.3515064790222 794.5632639676592 709.5235438982568
0 462.91820417979096 737.7677177650924 480.1850685473484 727.3425417515962 509.81179582020906 776.4122822349077 492.5449314526516 786.8374582484039
0 516.6854323450169 682.3224040027067 541.0421871494885 666.6008075381344 609.3245676549831 772.3875959972934 584.9678128505115 788.1091924618656
