0 1002.3262154198944 299.18884183658423 972.3363811918459 319.33795454593616 966.1237845801056 310.09115816341574 996.1136188081541 289.9420454540638
0 710.53 132.86 788.28 132.86 788.28 150.37 710.53 150.37
0 411.4241117057349 835.1850431348633 382.37926884620634 869.0311227197325 209.47588829426508 720.6549568651366 238.52073115379363 686.8088772802674
0 467.78061285382284 942.1780046711333 458.3361919412696 931.884132045803 489.1293871461771 903.6319953288667 498.5738080587304 913.925867954197
0 898.5998269181216 586.2548193392186 854.0280290775822 565.8991116074275 958.2201730818783 337.75518066078143 1002.7919709224177 358.1108883925725
0 419.4901889108569 899.604490864962 407.9477020593083 891.7348087060799 431.93981108914306 856.5455091350381 443.48229794069164 864.4151912939202
0 456.9971199914304 931.7735513208478 449.9323956867646 924.07341038064 476.3928800085696 899.7964486791521 483.4576043132354 907.49658961936
0 964.6528306538938 245.79849756489457 930.2803137598033 268.8921803020732 922.1771693461061 256.8315024351054 956.5496862401966 233.73781969792682
0 159.13992472119955 776.7812177703091 146.0456430666346 763.8687475205496 184.79007527880046 724.5787822296908 197.8843569333654 737.4912524794503
0 478.92059235342896 952.5356009336301 469.4761714408757 942.2417283082998 502.509407646571 911.9343990663699 511.95382855912425 922.2282716917002
0 657.1456516736176 1022.4879263472327 616.8972151961121 994.4528436629208 746.0243483263824 809.0720736527672 786.2727848038879 837.1071563370791
0 557.6895505231927 984.3276623625268 544.7984362255692 1000.625747285781 493.59044947680735 960.1223376374733 506.48156377443087 943.824252714219
0 974.3940775385495 256.3517096778099 944.1552272499302 276.66812750237915 936.4759224614504 265.23829032219015 966.7147727500696 244.92187249762085
0 430.4446685228821 908.7526312989144 418.90218167133355 900.8829491400322 445.3053314771179 862.1573687010857 456.84781832866645 870.0270508599679
0 955.400340704546 233.86733492866938 921.0278238104555 256.961017665848 914.2296592954541 246.8426650713306 948.6021761895446 223.748982334152
0 449.16162853074445 924.1603821443183 439.7172076181912 913.866509518988 474.5483714692556 881.9096178556816 483.99279238180884 892.203490481012
0 799.8606248457992 776.2803971441213 770.5599878670656 760.7116761741613 857.9193751542008 596.2996028558787 887.2200121329344 611.8683238258386
0 915.0174830499847 183.63674159828707 933.4781377893911 206.42825595324882 926.2125169500154 212.31325840171291 907.7518622106089 189.52174404675117
0 980.3790038384814 265.6479921042604 950.3891696104329 285.79710481361235 944.1709961615186 276.54200789573963 974.1608303895671 256.3928951863877
0 44.73347493380155 962.560882033961 29.65126018610065 950.1533158622965 65.87652506619844 906.1191179660391 80.95873981389934 918.5266841377036
0 1023.0812264060993 321.3496465602604 1002.2061194816625 355.4587364175599 993.5487735939008 350.1603534397396 1014.4238805183376 316.0512635824401
0 907.7856301101175 189.73062695702473 926.2399907292582 212.51437059451118 918.9743698898825 218.39937304297527 900.5200092707418 195.61562940548882
0 987.3162154198944 275.2588418365842 957.3263811918459 295.40795454593615 951.1137845801056 286.16115816341573 981.1036188081541 266.0120454540638
0 997.2637655771736 288.6374892472614 958.5168665523935 314.6701651750927 949.6162344228266 301.42251075273856 988.3631334476066 275.38983482490727
0 99.12052020086317 835.5197373917413 85.18630405579894 820.6338474142281 133.6694797991368 775.2502626082587 147.60369594420104 790.1361525857719
0 1011.2704577620184 305.0880634359149 984.9996990124666 330.6432925431416 977.0995422379815 322.52193656408514 1003.3703009875333 296.9667074568584
0 1016.7452952512515 313.28168215925473 992.3403438043952 348.25911552530636 982.5647047487485 341.4383178407453 1006.9696561956048 306.46088447469367
