0 881.6277738126637 146.46080890872705 881.9153662811805 160.28781836746586 803.9622261873362 161.90919109127296 803.6746337188195 148.08218163253414
0 1013.3340772463993 194.06700809449217 1008.4988389145418 205.52886092351315 967.2859227536006 188.1429919055078 972.1211610854581 176.68113907648683
0 1012.4194001095592 216.2687034786759 1020.1522281148463 226.0132902344418 995.1405998904407 245.8612965213241 987.4077718851537 236.1167097655582
0 966.9365424729361 374.1064759936097 959.9851530200407 363.77784178214813 989.693457527064 343.7835240063903 996.6448469799594 354.11215821785186
0 674.7146346118751 170.3178883703001 690.424462057233 186.17297341066111 644.5853653881248 231.59211162969993 628.875537942767 215.7370265893389
0 979.2699274586513 403.62991642766684 971.226708702222 409.0338716491896 952.6000725413486 381.3100835723332 960.6432912977779 375.90612835081043
0 975.0642387010507 415.30280284701456 966.6723974598226 420.94098522984183 948.0457612989492 393.2171971529854 956.4376025401773 387.57901477015815
0 535.5123652111871 220.67582626481126 579.0994781447928 267.3887333260626 288.03763478881285 538.9741737351887 244.45052185520717 492.26126667393737
0 873.7091793454329 160.9259752894471 873.9967718139496 174.75298474818592 809.0408206545671 176.10402471055286 808.7532281860504 162.27701525181405
0 781.7077354653746 149.02205843634545 782.1716680736616 171.32723421541 686.9422645346255 173.30794156365454 686.4783319263385 151.00276578459
0 964.2558555002382 171.78353695168417 958.5344159307091 185.3461152188215 896.7841444997617 159.29646304831581 902.5055840692909 145.7338847811785
