0 830.8378727681046 390.8040733471338 830.7198833433985 403.6235303752477 777.7421272318953 403.13592665286626 777.8601166566015 390.31646962475236
0 765.9024687881907 386.39557846399276 754.9128571915907 386.30318281542776 755.2075312118092 351.2544215360072 766.1971428084092 351.3468171845722
0 119.73956219785174 657.0677002981643 57.32375645083388 657.7912975276593 53.70043780214826 345.2522997018358 116.11624354916611 344.5287024723408
0 709.5135301498539 256.45873642274853 707.896839420322 279.7827736179908 641.3664698501462 275.1712635772514 642.9831605796782 251.84722638200915
0 760.240528356854 255.024327019195 760.2494631425485 266.24432346169016 733.439471643146 266.26567298080494 733.4305368574516 255.04567653830978
0 901.3309141337306 389.62257012715594 901.1362591935954 410.7716743506043 834.3990858662694 410.15742987284403 834.5937408064046 389.00832564939566
0 832.0742121661358 405.1749880338282 831.9333059186904 420.48433960172395 773.3357878338643 419.9450119661718 773.4766940813097 404.63566039827606
0 1006.4759159698101 389.29414105076614 1006.2608291636182 412.66315124944174 929.41408403019 411.95585894923386 929.629170836382 388.58684875055826
0 299.5148373192173 724.7184483591433 299.54508977095804 762.7084363137236 69.5951626807827 762.8915516408566 69.56491022904196 724.9015636862763
0 599.7932318942849 254.27755767542723 599.3444696351723 277.6432486011156 532.6567681057152 276.3624423245727 533.1055303648277 252.99675139888436
0 774.609131385295 386.69064130677924 767.1793939728528 386.6281754588413 767.460868614705 353.1493586932208 774.8906060271471 353.2118245411587
