0 775.3558899817435 187.8540971792239 780.0515900509827 194.8551900124712 756.3741100182565 210.73590282077606 751.6784099490174 203.73480998752876
0 752.4208694606298 219.20023176282692 756.9995947950481 226.02692014827093 728.3391305393702 245.24976823717307 723.7604052049519 238.42307985172906
0 913.0786113993462 93.83457676641757 924.1729280816727 106.4636003768259 889.5313886006537 136.89542323358242 878.4370719183272 124.2663996231741
0 800.5905736369903 151.86995064407037 807.6201981771799 162.35082745967904 776.6094263630098 183.1500493559296 769.5798018228202 172.66917254032094
0 760.319817755987 180.76381536626727 768.5414705462564 193.02195655472875 700.1001822440131 238.92618463373273 691.8785294537437 226.66804344527125
0 507.1079741028115 467.1917852524768 533.1311834111597 495.64641892247704 414.6120258971885 604.0382147475233 388.5888165888404 575.583581077523
0 223.21178129749137 903.6704905526643 203.93525058003206 909.0384942317659 188.77821870250864 854.6095094473357 208.05474941996795 849.2415057682341
0 863.7307675819593 106.4712744725062 879.4251667911042 124.33672250674238 826.0692324180407 171.2087255274938 810.3748332088958 153.34327749325763
0 577.8595272181453 528.3236596199272 567.4051670086712 543.3069587429698 514.5904727818547 506.4563403800728 525.0448329913288 491.4730412570303
0 751.5543006399752 204.69295989202774 758.5839251801648 215.1738367076364 714.6256993600249 244.65704010797228 707.5960748198353 234.1761632923636
