0 505.9255707883015 99.74132366121611 500.5112634226162 97.89641831137155 505.59442921169847 82.97867633878388 511.0087365773838 84.82358168862845
0 516.7928813385547 103.93238157042958 511.29313361044973 102.36038445618132 515.6271186614454 87.19761842957041 521.1268663895503 88.76961554381867
0 525.2362318504634 66.1604317501057 529.9571515677467 69.3901866979253 521.3237681495366 82.00956824989429 516.6028484322533 78.77981330207469
0 525.253566256579 250.79562397970017 533.5540670196776 255.01199529657924 513.0564337434209 295.3643760202998 504.75593298032237 291.1480047034207
0 541.2326422001887 75.86636291594152 545.953561917472 79.09611786376112 536.2473577998113 93.28363708405848 531.526438082528 90.05388213623888
0 494.6817460440782 37.89235120252739 499.4026657613615 41.12210615034699 490.49825395592177 54.137648797472615 485.77733423863845 50.907893849653014
0 518.8154553753358 108.65154858061803 513.6859972339045 106.12033164497146 520.6645446246642 91.97845141938197 525.7940027660956 94.50966835502854
0 513.9747014875643 59.58305171588206 518.6956212048476 62.81280666370166 510.0452985124357 75.45694828411793 505.32437879515237 72.22719333629833
0 597.4171203578954 111.01870254739295 611.7576587642892 121.25654207606026 608.9628796421047 125.17129745260705 594.6223412357109 114.93345792393974
0 546.6626422001887 79.79636291594151 551.383561917472 83.02611786376112 541.6773577998113 97.21363708405848 536.9564380825279 93.98388213623888
0 536.4798189878217 71.11548959401605 541.200738705105 74.34524454183565 531.5001810121784 88.52451040598393 526.779261294895 85.29475545816433
0 502.53673382613283 52.003972879486 507.25765354341615 55.2337278273056 499.1832661738672 67.036027120514 494.4623464565839 63.806272172694406
0 499.5708727221528 41.01517441489436 504.283539083287 44.23928293798001 495.37912727784726 57.254825585105635 490.66646091671305 54.03071706201999
0 570.9431520951616 177.2345254714975 580.1976309266292 181.93548511373226 555.5968479048383 230.36547452850252 546.3423690733707 225.66451488626777
0 507.6417729928853 56.518118838864005 512.3626927101686 59.747873786683606 503.93822700711473 72.061881161136 499.2173072898314 68.8321262133164
0 495.8011560720906 94.70249327213155 490.15277178821185 93.80018790163216 492.6388439279095 78.23750672786845 498.2872282117882 79.13981209836784
0 557.3926422001887 87.26636291594151 562.113561917472 90.49611786376111 552.4073577998113 104.68363708405847 547.686438082528 101.45388213623887
0 511.38163526603375 101.7761003484222 505.9315150785543 100.03984289572998 510.71836473396627 85.01389965157779 516.1684849214457 86.75015710427002
0 584.6191228998854 144.32288626810976 589.861544434474 146.98585762613868 578.3808771001146 169.58711373189027 573.138455565526 166.92414237386134
0 589.7185807413265 147.53515069953664 594.952086593033 150.19359319471175 583.4714192586736 172.79484930046334 578.2379134069671 170.13640680528823
0 544.9648847261209 228.51427495625347 550.2073062607095 231.1772463142824 540.135115273879 251.0057250437465 534.8926937392904 248.34275368571758
0 510.174542327742 320.8836690520846 525.7859030540421 328.8137079090721 478.01545767225804 422.8563309479154 462.40409694595786 414.9262920909279
0 531.3159673882251 68.12077736724726 536.0368871055084 71.35053231506686 526.884032611775 84.72922263275274 522.1631128944916 81.49946768493314
0 494.60454232774197 312.4736690520846 510.21590305404214 320.40370790907207 462.445457672258 414.4463309479154 446.8340969459578 406.5162920909279
0 592.4919497276566 122.58551429474988 607.6946103101267 131.49301176677926 605.2680502723434 135.63448570525014 590.0653896898733 126.72698823322074
0 959.8370173207683 869.6469099795869 973.7543982994974 876.7164648943541 947.0929826792318 929.203090020413 933.1756017005026 922.1335351056458
0 539.7319681228049 120.82905193644535 534.6025099813736 118.29783500079878 540.4880318771951 106.37094806355464 545.6174900186264 108.9021649992012
0 534.1786059294543 117.27060056020035 529.049147788023 114.73938362455378 534.9213940705456 102.83939943979966 540.0508522119769 105.37061637544623
0 476.9959715832541 71.31933597840155 471.8754810259861 68.79254424718795 478.8540284167459 54.650664021598445 483.9745189740139 57.17745575281206
0 489.92804950978575 34.91430109296891 494.64071587091996 38.13840961605456 485.7419504902142 51.14569890703109 481.02928412908 47.92159038394544
0 524.3803615809505 112.44601462967229 519.2509034395192 109.91479769402572 525.4196384190494 97.41398537032772 530.5490965604807 99.94520230597429
0 489.4859715832541 88.01933597840156 484.3654810259861 85.49254424718794 491.3440284167459 71.35066402159845 496.4645189740139 73.87745575281207
0 520.0689228317112 62.241477880601934 524.7898425489946 65.47123282842153 515.8910771682888 78.47852211939806 511.1701574510055 75.24876717157846
0 501.58079546775565 96.45679664422164 497.38740228135015 95.82985678729133 499.7192045322443 80.23320335577836 503.9125977186498 80.86014321270866
0 484.7717460440782 31.782351202527387 489.49266576136154 35.01210615034699 480.5882539559218 48.027648797472615 475.8673342386385 44.797893849653015
0 565.2589456658961 91.88831280638304 569.9716120270305 95.11242132946869 560.2710543341038 109.29168719361697 555.5583879729695 106.06757867053132
0 475.4686355421703 561.5814281989826 462.71960221266306 582.888493908815 373.7413644578297 529.6485718010174 386.490397787337 508.341506091185
0 480.0208727221528 28.12517441489436 484.733539083287 31.349282937980007 475.82912727784725 44.364825585105635 471.11646091671304 41.14071706201999
0 487.1854553753358 78.92154858061802 482.05599723390446 76.39033164497145 489.03454462466425 62.24845141938196 494.16400276609556 64.77966835502853
0 529.0302124713087 115.07363786697341 523.9007543298774 112.54242093132684 529.4897875286913 101.21636213302658 534.6192456701226 103.74757906867315
0 589.2161897501787 111.83160772319563 603.5485893720058 122.06363690025758 600.7538102498213 125.97839227680437 586.4214106279942 115.74636309974242
0 482.4354553753358 74.31154858061802 477.30599723390446 71.78033164497145 484.28454462466425 57.63845141938196 489.41400276609556 60.16966835502853
0 551.8820888398214 84.10029750414184 556.6030085571048 87.33005245196144 547.5179111601786 100.60970249585817 542.7969914428953 97.37994754803857
