0 515.6520853657408 97.34136799373937 522.6467241616841 114.8132719573687 517.1879146342591 116.99863200626064 510.1932758383158 99.5267280426313
0 232.68101585627943 480.90177811781814 343.2471098062881 895.2018853693585 268.6189841437206 915.1182218821818 158.05289019371185 500.8181146306415
0 510.0028400534788 99.68387659234027 520.7884095464796 126.62514402191108 513.4171599465211 129.5761234076597 502.63159045352046 102.63485597808891
0 42.838469852752915 182.8255692222494 64.47208758224389 263.8884866625578 46.20153014724709 268.76443077775053 24.567912417756112 187.7015133374422
0 500.4176914135266 99.20738062845285 519.0192680201662 145.67224743927363 508.3523085864733 149.94261937154715 489.7507319798337 103.47775256072637
0 551.2273819396978 403.0307501505069 554.3764231748985 425.2486964844732 546.7526180603022 426.3292498494931 543.6035768251015 404.1113035155268
0 87.74389161779258 277.6927267379493 112.18033920091368 369.2580746022881 92.58610838220743 374.4872732620507 68.14966079908633 282.92192539771185
0 19.029842638136785 95.95432186518975 39.63979573847306 173.18148504759557 22.200157361863212 177.83567813481028 1.5902042615269334 100.60851495240443
0 529.7869962109731 151.04804457136458 557.144879408071 219.38528425057575 539.5430037890268 226.43195542863543 512.1851205919289 158.09471574942427
0 654.5979877709462 862.20297611368 672.9594885875977 931.0050065180228 647.1720122290537 937.8870238863199 628.8105114124023 869.0849934819771
0 553.4160898582613 263.2796241724315 589.1957857607829 352.6537046495088 571.5939101417387 359.7003758275685 535.8142142392171 270.3262953504912
0 38.47293653886233 88.45352206525209 59.08288963919861 165.68068524765792 38.67706346113768 171.1264779347479 18.06711036080139 93.89931475234206
0 69.2315329564441 288.75558073109397 92.26269786226214 375.0552206091434 72.66846704355589 380.284419268906 49.637302137737855 293.98477939085654
0 584.7983281789834 463.56509641703354 618.6591944511736 590.4445042628179 594.3016718210165 596.9449035829664 560.4408055488263 470.0654957371822
0 61.6544810686648 180.42150393587684 82.63573821584812 259.039973448605 64.3555189313352 263.91849606412313 43.37426178415188 185.30002655139498
