0 707.8070950877712 587.1615103211587 690.5942983031524 589.9674374141911 681.8129049122286 536.0984896788412 699.0257016968475 533.2925625858089
0 910.8250231687175 217.70289206675145 892.425697683716 226.85534101208688 855.9049768312825 153.43710793324854 874.3043023162841 144.2846589879131
0 29.683481503533255 608.7699686677018 16.904542931538007 609.3017853402235 15.54651849646674 576.6700313322982 28.32545706846199 576.1382146597765
0 827.7538001705371 315.6485496804275 813.1582465056146 319.40017775559187 797.0961998294628 256.91145031957245 811.6917534943854 253.1598222444081
0 797.5433834151751 128.6681619751567 789.7717948404883 132.53401388978014 775.0566165848248 102.95183802484331 782.8282051595116 99.08598611021986
0 878.4045195779246 453.8854255175832 854.3027122906286 460.85758339632133 821.4454804220753 347.27457448241677 845.5472877093713 340.30241660367864
0 556.120056782734 543.7067709822767 557.9081760650197 561.3865766778243 436.029943217266 573.7132290177234 434.2418239349803 556.0334233221757
0 19.176627483418045 424.05266271892435 10.944164810953882 426.43414510317245 6.053372516581955 409.5273372810757 14.285835189046118 407.1458548968276
0 860.6624144377622 503.53420665109553 863.1458575377517 528.0889396036061 764.7975855622378 538.0357933489045 762.3141424622484 513.4810603963938
0 296.2573316263649 622.318234399102 284.82291829062973 623.9481704921934 279.2726683736351 585.0117656008979 290.70708170937024 583.3818295078065
0 278.22844727929197 708.0738917142462 258.22265803930225 709.9114163766958 253.10155272070807 654.1561082857538 273.10734196069785 652.3185836233042
0 68.1243475980637 605.7392608033651 60.50641391533988 606.4389653164433 58.285652401936304 582.2607391966349 65.90358608466012 581.5610346835567
0 53.49050006999117 534.0003750304194 43.59617503774136 536.8626000663302 35.00949993000883 507.17962496958074 44.90382496225864 504.31739993366995
0 740.4870950877713 582.2115103211587 723.2742983031525 585.017437414191 714.4929049122287 531.1484896788412 731.7057016968475 528.3425625858089
0 306.04391254496585 703.1909739865777 294.6094992092307 704.820910079669 284.9060874550342 636.7490260134224 296.34050079076934 635.119089920331
