0 770.4559054637781 988.2338308075747 797.0745137179462 993.6296898319684 795.6440945362218 1000.6861691924254 769.0254862820537 995.2903101680316
0 612.5118260070451 838.4181961248354 630.2680850202953 843.716890856028 628.658173992955 849.1118038751646 610.9019149797048 843.8131091439719
0 568.1618260070451 832.7681961248354 585.9180850202953 838.0668908560281 584.308173992955 843.4618038751646 566.5519149797047 838.163109143972
0 609.7947854638401 845.776151258365 627.5510444770903 851.0748459895576 625.6952145361599 857.293848741635 607.9389555229097 851.9951540104423
0 803.7254053148607 840.6349758403416 532.0455595013426 762.9805169938396 543.3545946851392 723.4150241596584 815.0344404986573 801.0694830061603
0 857.9111098226896 900.6336625373525 857.0213744842623 918.7017689967344 850.8188901773104 918.3963374626475 851.7086255157377 900.3282310032656
0 1010.1509833884016 907.6425597409274 889.3636594386597 867.8283063502116 898.3890166115983 840.4474402590726 1019.1763405613402 880.2616936497883
0 631.2918260070451 843.7381961248354 649.0480850202953 849.0368908560281 647.438173992955 854.4318038751646 629.6819149797047 849.133109143972
0 623.5280973144581 817.9701803508393 632.309573566102 838.1306807127304 625.5619026855418 841.0698196491606 616.7804264338979 820.9093192872696
0 867.0863756328104 897.3732015877667 864.9094536483703 919.2451336165946 857.9936243671896 918.5567984122333 860.1705463516296 896.6848663834055
0 777.4912547977935 979.437847451402 796.7691643839307 983.345673188141 795.3387452022064 990.4021525485979 776.0608356160692 986.494326811859
0 563.981826007045 853.3581961248354 581.7380850202952 858.6568908560281 580.1281739929549 864.0518038751646 562.3719149797047 858.753109143972
0 823.7038944193359 886.1678698193257 822.878589887616 902.9275617147612 816.6761055806642 902.6221301806743 817.5014101123841 885.8624382852388
0 744.7069586653374 934.1389045941763 763.3061511391056 940.5095905324193 760.9730413346626 947.3210954058237 742.3738488608944 940.9504094675807
0 599.3175639953824 812.5337639877818 610.0629723546767 831.7081374897247 603.6424360046176 835.3062360122182 592.8970276453233 816.1318625102753
0 669.9763527519802 948.7791513381619 694.810846321779 933.7848847961925 699.4936472480198 941.540848661838 674.6591536782211 956.5351152038074
0 561.1518260070451 860.0281961248354 578.9080850202953 865.3268908560281 577.298173992955 870.7218038751646 559.5419149797048 865.4231091439719
0 926.3810729980306 915.6744991169307 924.5547562831501 934.0238360874305 917.6389270019694 933.3355008830692 919.4652437168498 914.9861639125695
0 253.87054236044096 401.6519390580248 437.7387539691255 452.5389625495201 426.909457639559 491.6680609419752 243.04124603087442 440.78103745047997
0 560.221826007045 866.3181961248354 577.9780850202952 871.616890856028 576.3681739929549 877.0118038751646 558.6119149797047 871.7131091439719
0 585.1576675020542 809.6250436441582 597.9088846032266 827.0844497749168 593.3623324979458 830.4049563558418 580.6111153967734 812.9455502250831
0 701.8233522798283 741.3651074279201 587.1459201939764 708.5867689984811 594.6266477201717 682.4148925720799 709.3040798060237 715.1932310015188
0 792.1885224249606 873.2025519933297 797.6394900373232 892.1021777062631 790.7214775750394 894.0974480066702 785.2705099626769 875.1978222937369
0 977.4108804276274 905.5081770045158 975.2349488535534 927.3701581998455 968.3191195723726 926.6818229954843 970.4950511464466 904.8198418001546
0 569.5843838117939 907.9358201987127 599.0919953046514 905.4755429812867 599.8456161882061 914.5141798012874 570.3380046953487 916.9744570187133
0 37.466840215396076 371.2048180486687 120.60171773591779 394.2130717774472 112.81315978460393 422.35518195133125 29.678282264082203 399.3469282225527
0 322.64 92.39999999999999 370.5 92.39999999999999 370.5 110.27 322.64 110.27
0 612.6518987525237 815.8127604333778 623.6636753378245 836.9233472664201 617.1381012474762 840.3272395666223 606.1263246621754 819.21665273358
0 950.4991681429406 895.1482616270166 944.4416945177377 916.2770905884138 937.7608318570594 914.3617383729834 943.8183054822623 893.2329094115862
0 816.9538944193359 885.5578698193257 816.128589887616 902.3175617147612 809.9261055806642 902.0121301806743 810.7514101123841 885.2524382852388
0 1021.1660432247459 917.41472541251 1017.0124231925702 936.978657548671 1010.2139567752542 935.53527458749 1014.3675768074299 915.9713424513291
0 578.0248073048798 813.7513412573031 590.5501066336964 829.2150690330869 586.1751926951202 832.7586587426969 573.6498933663037 817.2949309669131
0 910.5563756328104 910.3932015877667 908.3794536483704 932.2651336165945 901.4636243671896 931.5767984122333 903.6405463516296 909.7048663834055
0 851.0724199703621 893.9932026398714 850.2200643365896 911.3022288942155 844.0175800296378 910.9967973601287 844.8699356634103 893.6877711057845
0 957.3394908385 897.5676410118018 951.7083401847414 918.8037198003793 944.9905091615 917.0223589881981 950.6216598152586 895.7862801996206
0 689.1408939508195 763.6152017135755 556.8104254509807 725.7910823370039 563.1891060491804 703.4747982864244 695.5195745490192 741.298917662996
0 590.111826007045 839.5581961248354 607.8680850202952 844.856890856028 606.2581739929549 850.2518038751646 588.5019149797047 844.9531091439719
0 564.6506050265419 846.3465575830876 582.4164464785473 851.6481118365311 580.8093949734581 857.0334424169125 563.0435535214527 851.731888163469
0 933.6609784663738 825.9405293580229 1014.7385066534657 859.2678458277193 1006.8990215336262 878.3394706419771 925.8214933465342 845.0121541722807
0 634.8525006505092 821.8899862308288 642.4092706119991 842.5407810762852 635.4974993494907 845.0700137691713 627.9407293880008 824.4192189237149
0 464.01085157194376 551.1652675539965 417.30328449599773 702.585130114514 382.5491484280562 691.8647324460035 429.2567155040022 540.444869885486
0 571.7959479489936 824.8589353303855 588.9345128281496 831.9038266626178 586.7940520510064 837.1110646696145 569.6554871718503 830.0661733373822
0 803.0485911251981 877.9120725777618 804.0681251520593 894.6610710662708 796.891408874802 895.0979274222382 795.8718748479407 878.3489289337292
0 566.8020347876675 839.21676636371 584.5678762396728 844.5183206171536 582.9579652123325 849.9132336362901 565.1921237603271 844.6116793828465
0 900.9760564968253 912.739710766132 898.9397727843555 933.1986244382292 892.0239435031747 932.510289233868 894.0602272156445 912.0513755617708
0 591.8039321888994 831.0747720374374 611.8120643096045 837.0454544976263 609.7560678111006 843.9352279625626 589.7479356903955 837.9645455023737
