0 239.7117355271396 714.7627554618432 203.38117809093436 781.3914482028433 188.0782644728604 773.0472445381567 224.40882190906567 706.4185517971566
0 175.2543418944188 713.9571452821583 138.92857172365515 780.5770583825283 123.62565810558121 772.2328547178417 159.95142827634484 705.6129416174717
0 192.67873807385917 721.2502492807553 153.4853959035848 793.1291671184897 138.19126192614084 784.7897507192447 177.38460409641522 712.9108328815103
0 271.85102110000173 739.1996395734981 235.12079832342505 796.6044584895354 220.4389788999983 787.210360426502 257.16920167657497 729.8055415104646
0 217.24567037621145 715.9249954987622 174.65815700785177 794.0286785431601 158.71432962378853 785.3350045012378 201.3018429921482 707.2313214568399
0 257.1353878735028 722.0588091634305 217.67874610394114 794.4206072358146 202.3846121264972 786.0811908365696 241.84125389605884 713.7193927641855
0 986.0531188547142 414.69386387867615 717.5210384397636 907.170245736749 639.2768811452858 864.506136121324 907.8089615602363 372.02975426325105
0 236.7217355271396 640.9927554618432 200.39117809093435 707.6214482028433 185.0882644728604 699.2772445381568 221.41882190906566 632.6485517971566
0 219.09294511546756 632.5362355221616 178.40118886197638 707.1631808770833 163.10705488453243 698.8237644778383 203.7988111380236 624.1968191229166
0 501.2624306045868 216.15400106289346 352.2492192043021 489.4378749526165 303.62756939541316 462.9259989371066 452.6407807956979 189.64212504738353
