0 643.3598645242978 162.68717199922284 735.7160063282433 153.12340856166898 737.4701354757021 170.06282800077716 645.1139936717566 179.62659143833102
0 355.6105420549837 708.3067006032248 348.5868288669756 739.8337913832603 340.72945794501635 738.0832993967753 347.7531711330244 706.5562086167398
0 186.10000000000002 135.67000000000002 502.99 135.67000000000002 502.99 186.94 186.10000000000002 186.94
0 643.7615448664055 146.86086904929607 730.3584829972779 137.89348892141845 731.7984551335944 151.79913095070395 645.2015170027221 160.76651107858157
0 266.3734619030186 479.5916488884154 296.66834165252436 477.06573104276356 297.56653809698145 487.83835111158453 267.2716583474757 490.3642689572364
0 566.63 146.0 592.9 146.0 592.9 158.39999999999998 566.63 158.39999999999998
0 368.0132093250096 711.1659304578018 361.9383274287695 742.889514901347 352.66679067499035 741.1140695421982 358.7416725712304 709.390485098653
0 341.75634059184864 705.5771356434948 332.54473397823443 736.5357580869438 322.1836594081514 733.4528643565052 331.3952660217656 702.4942419130562
0 232.87059542564296 541.6504405011681 276.7687938581394 540.6324648722027 277.019404574357 551.4395594988318 233.1212061418606 552.4575351277972
0 237.96200682489797 475.06839740941666 267.73664186162824 468.9339774344303 269.917993175102 479.52160259058337 240.1433581383717 485.65602256556974
0 235.57059542564295 504.6604405011681 279.4687938581394 503.64246487220277 279.719404574357 514.449559498832 235.82120614186059 515.4675351277973
0 269.03200682489796 467.63839740941665 298.80664186162824 461.5039774344303 300.987993175102 472.09160259058336 271.21335813837175 478.22602256556974
0 329.8763405918486 700.6871356434948 320.6647339782344 731.6457580869438 310.30365940815136 728.5628643565052 319.51526602176557 697.6042419130562
