0 492.89623982846695 217.20901576095483 583.2894760075785 174.30136547493524 590.7037601715328 189.92098423904517 500.3105239924214 232.82863452506476
0 471.03904614257834 253.2838458572156 504.106203394503 318.2528624056942 488.4209538574217 326.2361541427844 455.35379660549705 261.2671375943058
0 477.6901895395212 162.91588916683327 502.53342354837156 151.1233608551649 506.1698104604788 158.78411083316672 481.32657645162845 170.5766391448351
0 512.5116019848485 150.08498834976209 561.3037135782306 126.9244627456454 566.9383980151515 138.7950116502379 518.1462864217694 161.9555372543546
0 481.2601895395212 170.70588916683326 506.10342354837155 158.91336085516488 509.7398104604788 166.5741108331667 484.89657645162845 178.3666391448351
0 378.2401895395212 287.5158891668333 403.08342354837157 275.72336085516486 406.7198104604788 283.3841108331667 381.87657645162847 295.1766391448351
0 439.33772504466464 176.82853655014068 469.58473158599264 166.0205304764535 472.5222749553354 174.2414634498593 442.27526841400737 185.0494695235465
0 61.92598456289947 729.2495744802319 182.65914123081538 837.295792743531 143.91401543710052 880.590425519768 23.180858769184624 772.5442072564689
0 452.55813792360567 384.28578506394814 181.71846387354248 658.5018446965953 140.38186207639444 617.6742149360518 411.2215361264576 343.4581553034047
0 608.26 424.3 615.53 424.3 615.53 454.8 608.26 454.8
0 445.8115839822539 184.1109906520812 474.15638151942625 173.9826910624802 477.9284160177461 184.53900934791878 449.58361848057376 194.66730893751978
0 374.18067258788324 279.40803326288994 399.03294050000954 267.6112167591082 402.6693274121168 275.27196673711 377.8170594999905 287.0687832408918
0 393.29187886432345 294.7298552007069 429.74191866577263 334.58552855435596 420.0381211356766 343.4601447992932 383.5880813342274 303.6044714456441
