0 217.19775664443887 804.6617003336872 213.3582192391906 819.1412843233501 155.0822433555611 803.6882996663127 158.92178076080938 789.2087156766498
0 91.06402058550829 779.6977615067639 91.3663861620572 762.5304240586294 158.4659794144917 763.7122384932362 158.16361383794282 780.8795759413707
0 413.033902195473 802.636856534097 423.9831373107467 814.1385368630949 383.126097804527 853.0331434659031 372.17686268925326 841.5314631369051
0 277.1446176575554 770.0433329615045 272.5862010950791 784.3129243516929 215.15538234244463 765.9666670384955 219.7137989049209 751.6970756483071
0 219.71684534505218 716.9194573272225 215.1584287825759 731.189048717411 159.22315465494782 713.3205426727775 163.7815712174241 699.050951282589
0 75.01558830800965 705.1510546363243 74.9745695538218 687.9811036328472 130.29441169199035 687.8489453636757 130.3354304461782 705.0188963671528
0 111.97797074508745 704.0156552322137 125.41611551339724 706.8798942560991 113.88202925491257 760.9943447677863 100.44388448660277 758.1301057439009
0 409.9030989344852 83.13554499853049 483.75412975660316 133.6597535179183 247.45690106551484 479.0544550014696 173.60587024339685 428.5302464820818
0 301.30482765263156 876.3963646593497 325.2855831506933 901.5870725839434 199.45517234736843 1021.3736353406503 175.4744168493067 996.1829274160566
0 809.3616029431086 106.22585486340917 804.2396226653797 120.29234760447848 747.5883970568915 99.66414513659082 752.7103773346204 85.59765239552151
0 94.9230609706365 795.735491129454 95.18686040783527 780.757814078024 159.1569390293635 781.8845088705459 158.89313959216474 796.8621859219759
0 56.2352411987691 711.438778759901 72.46539597288997 712.5767488860827 68.5947588012309 767.7812212400991 52.36460402711003 766.6432511139174
0 875.4316029431085 113.11585486340917 870.3096226653796 127.18234760447848 813.6583970568914 106.55414513659082 818.7803773346203 92.48765239552151
0 91.27490372953115 705.0584168006656 107.51503401365453 706.1970863553206 103.64509627046884 761.3915831993345 87.40496598634546 760.2529136446794
0 144.2823109682341 708.0777546272722 159.7771635639041 711.2187167471421 149.24768903176587 763.1622453727279 133.75283643609586 760.0212832528579
0 276.29461765755536 787.4933329615045 271.7362010950791 801.762924351693 214.30538234244463 783.4166670384956 218.8637989049209 769.1470756483071
0 824.2873572369696 79.11853314976955 818.7369469476001 91.91679262595079 770.0026427630304 70.78146685023046 775.5530530523998 57.983207374049215
0 96.58247325534408 812.192233443672 96.84627269254285 797.214556392242 153.2375267446559 798.2077665563281 152.97372730745712 813.1854436077581
0 408.56678836776535 782.3709189537316 420.474426304842 794.8793584551039 377.7632116322347 835.5390810462685 365.85557369515806 823.0306415448962
0 305.65111227100357 755.6464516402203 302.73693817131306 763.4073594039224 278.3588877289964 754.2535483597798 281.27306182868693 746.4926405960776
0 216.2170925293073 770.599957569955 211.2935157615592 786.0126403932695 150.24290747069267 766.5100424300449 155.16648423844077 751.0973596067304
0 272.91461765755537 802.9833329615045 268.3562010950791 817.252924351693 210.9253823424446 798.9066670384956 215.4837989049209 784.6370756483071
0 73.97524119876911 709.4687787599009 90.20539597288996 710.6067488860826 86.33475880123089 765.811221240099 70.10460402711004 764.6732511139173
0 281.7324640723168 755.158394331707 277.1770905115511 769.4184599599527 214.29753592768313 749.331605668293 218.85290948844883 735.0715400400474
0 816.6516029431085 91.62585486340917 811.5296226653796 105.69234760447848 754.8783970568915 85.06414513659082 760.0003773346203 70.99765239552151
0 335.27400826821287 793.8298708184611 330.0081062159373 807.8538030621594 273.56599173178716 786.6601291815389 278.83189378406274 772.6361969378406
0 206.58810552284717 785.0363941252128 201.66757175680965 800.4395511865846 155.38189447715285 785.6536058747872 160.30242824319038 770.2504488134155
0 189.26514168566695 911.8634416421261 201.16588463841413 924.3646382717546 152.67485831433305 970.526558357874 140.77411536158587 958.0253617282455
0 203.0692248743722 923.2596494656307 213.12211202680868 933.8197564679474 166.47077512562782 978.2303505343693 156.41788797319134 967.6702435320526
0 796.7916029431085 136.62585486340916 791.6696226653796 150.6923476044785 735.0183970568914 130.06414513659084 740.1403773346203 115.99765239552151
0 127.51007491657158 699.6179797523324 145.7405711670297 703.5036722854637 133.0099250834284 763.2320202476675 114.77942883297028 759.3463277145362
0 854.7583136913643 157.30115663604076 849.6329119171239 171.3770458318469 792.9816863086357 150.74884336395925 798.1070880828761 136.6729541681531
0 374.7385222610738 774.2446932933154 369.4761354972176 788.2592637664906 314.3914777389262 767.5753067066845 319.65386450278237 753.5607362335094
0 860.8383136913643 142.70115663604076 855.712911917124 156.77704583184692 799.0616863086358 136.14884336395926 804.1870880828761 122.0729541681531
0 78.46889408592642 828.2182974323841 62.67993096302659 829.033615470765 60.04110591407357 777.931702567616 75.83006903697341 777.1163845292351
0 96.49331456536113 832.982318524926 79.34616106629788 833.8677714483289 76.63668543463886 781.3976814750741 93.78383893370211 780.5122285516712
0 215.02338060714814 931.7927584021638 228.3927552220825 945.8366867132008 175.18661939285184 996.4872415978361 161.81724477791747 982.4433132867991
0 869.1284797094266 128.703840151757 864.0064994316978 142.77033289282633 803.5215202905734 120.74615984824301 808.6435005683023 106.67966710717369
0 803.6883136913642 122.03115663604075 798.5629119171239 136.1070458318469 741.9116863086357 115.47884336395924 747.037088082876 101.40295416815309
0 836.9088442336533 68.85409397719305 830.5390658292231 82.41235061580456 775.9711557663468 56.77590602280696 782.340934170777 43.21764938419545
0 343.00976679915334 779.2067167233915 337.74386474687776 793.2306489670898 277.51023320084664 770.6132832766084 282.7761352531222 756.5893510329101
0 213.54773055232315 820.7481756171848 209.70819314707487 835.2277596068476 155.19226944767686 820.7718243828152 159.03180685292514 806.2922403931524
0 309.14579315626514 747.91320928443 306.23161905657463 755.6741170481321 281.84420684373487 746.5167907155701 284.7583809434254 738.755882951868
0 215.7881000650644 750.932249954853 210.8675662990269 766.3354070162247 155.34189993493558 748.597750045147 160.2624337009731 733.1945929837752
0 216.89741691465764 733.5316236645735 212.34204335389194 747.7916892928192 156.89258308534238 730.0783763354264 161.44795664610808 715.8183107071807
0 282.7737484541435 738.3001529515908 278.21533189166723 752.5697443417793 215.3262515458565 732.4798470484092 219.8846681083328 718.2102556582207
