0 544.2207706248951 314.39314417811295 555.0708935432442 326.7441940386194 495.419229375105 379.146855821887 484.56910645675583 366.79580596138055
0 666.2105851837151 409.2149496984095 648.1807668002767 425.40193672689105 564.1594148162848 331.8150503015905 582.1892331997232 315.6280632731089
0 681.4319877729886 956.1935901972344 656.8167838058348 978.2928692274519 521.1280122270114 827.1564098027656 545.7432161941651 805.057130772548
0 1006.7588620828172 636.1528527110543 974.9034545304031 664.7523126652143 779.7911379171827 447.4271472889457 811.6465454695968 418.8276873347857
0 501.90365729691285 746.5915562577288 477.2958944434129 768.6841547320121 299.5463427030872 570.6984437422711 324.1541055565871 548.6058452679879
0 759.4048013109009 389.9819785816474 742.8334412036302 404.8595766470326 629.8451986890991 279.0080214183526 646.4165587963698 264.1304233529674
0 284.09442603991107 541.4440244540428 291.765725816062 550.7237205559863 233.50557396008892 598.8859755459571 225.834274183938 589.6062794440136
0 968.0746727710688 68.97798469783191 956.2304298061348 78.39237838981299 907.8953272289313 17.58201530216808 919.7395701938652 8.167621610187005
0 186.32998998509584 965.4218985914562 161.7222271315959 987.5144970657394 6.7400100149041435 814.8881014085438 31.347772868404107 792.7955029342605
0 956.2177839388454 79.33689885611511 944.3735409739114 88.75129254809619 896.0322160611546 27.93310114388489 907.8764590260886 18.518707451903815
0 733.7748047813711 144.71144023504584 744.2495695919959 157.3823874041449 683.0451952186288 207.97855976495416 672.5704304080041 195.3076125958551
0 478.78237785373983 771.4882159797617 454.16717388658594 793.5874950099792 276.4176221462602 595.6017840202383 301.0328261134141 573.5025049900207
0 468.1499633630315 381.6992510104485 475.8212631391824 390.9789471123921 433.1300366369685 426.2707489895515 425.45873686081757 416.9910528876079
0 743.4968386108116 157.58512353179123 755.0547603665738 171.56632679501854 693.3031613891884 222.61487646820876 681.7452396334262 208.63367320498145
0 824.9801313100646 61.25478794286461 837.2223775977574 74.64086301479934 779.8998686899355 127.06521205713538 767.6576224022427 113.67913698520066
0 978.7017990558433 58.715756985166 967.9456920936362 67.26524603525326 922.6782009441569 10.314243014833998 933.4343079063639 1.7647539647467525
0 744.8362099285756 900.5539541941453 720.2210059614218 922.6532332243628 586.8837900714244 774.1360458058548 611.4989940385782 752.0367667756373
0 921.6375984303145 696.0329585897882 895.7797284829567 719.2478904610114 763.9924015696856 572.4570414102118 789.8502715170434 549.2421095389886
