0 609.3477411065263 258.46773781479897 615.9529827892524 287.89555428685105 496.6122588934737 314.682262185201 490.0070172107477 285.2544457131489
0 530.8784731815306 234.85764239663095 537.4859049311276 264.29521610226124 430.7515268184694 288.25235760336903 424.1440950688724 258.8147838977388
0 385.2913053122172 217.58092317525427 389.26009876911894 247.7510007107273 255.93869468778283 265.28907682474573 251.9699012308811 235.11899928927272
0 631.0204507561151 141.42171696089986 653.4949107308363 161.53450515261136 581.119549243885 242.40828303910013 558.6450892691638 222.29549484738862
0 215.50576848728105 176.80160034010598 220.10581269447545 211.77033628082674 85.64423151271893 229.458399659894 81.04418730552453 194.48966371917325
0 359.7240206720902 189.74333591867122 363.6575997276327 219.64571970013247 253.57597932790975 234.12666408132878 249.64240027236724 204.22428029986753
0 516.0445216765407 164.66098582760992 519.9794049691706 194.5732841925531 410.16547832345935 209.0190141723901 406.23059503082953 179.1067158074469
0 522.1974053359062 129.4310023243881 526.47399874543 161.94092156159348 393.15259466409384 179.47899767561194 388.87600125457004 146.96907843840654
0 675.3090834759423 105.2644124106057 680.5589038518253 137.63142472284983 550.3209165240578 158.75558758939428 545.0710961481748 126.38857527715012
0 364.8414206058248 153.22655763184693 369.44016057593177 188.18537898908582 234.97857939417526 205.8734423681531 230.37983942406828 170.9146210109142
0 521.1203299997703 195.17967394955187 525.0552132924001 225.09197231449505 416.58967000022966 239.36032605044815 412.65478670759984 209.44802768550497
