0 878.5870027366171 412.036551637461 886.7882950602096 425.09469868147085 784.0929972633829 489.593448362539 775.8917049397904 476.53530131852915
0 161.96740972230958 357.42356959380663 175.43705816225025 353.7943725883516 208.3625902776904 475.9964304061933 194.89294183774973 479.62562741164834
0 430.7044940940379 821.3821309497575 446.08321707495764 820.254620649968 454.73550590596216 938.2678690502426 439.3567829250424 939.395379350032
0 178.37992226339273 365.76012580298817 191.85922636529753 362.1283272226188 214.74007773660728 447.0498741970118 201.26077363470247 450.68167277738115
0 191.55074381598442 358.44621768448314 206.43977456465004 354.4345891666253 236.96925618401556 467.7437823155169 222.08022543534994 471.75541083337475
0 311.6759555290443 851.7419554738852 323.9201828249191 848.0456062037332 338.1940444709557 895.3280445261147 325.9498171750809 899.0243937962667
0 310.7159665976174 805.7859898724291 325.47796698091605 801.3295625271794 357.1440334023826 906.2240101275709 342.38203301908396 910.6804374728206
0 231.26452158226544 598.2562032315785 246.02652196556414 593.7997758863288 277.69547841773453 698.7037967684215 262.93347803443584 703.1602241136712
0 891.1038755078539 439.0740949303647 900.328453854547 451.4430906182014 802.1861244921461 524.6359050696353 792.961546145453 512.2669093817987
0 298.98448406352765 807.7431385277598 307.9201852034569 805.0455838688388 320.7715159364723 847.6158614722401 311.83581479654305 850.3134161311611
