0 791.86 196.42000000000002 814.1 196.42000000000002 814.1 262.2 791.86 262.2
0 903.9 240.47 916.2900000000001 240.47 916.2900000000001 279.4 903.9 279.4
0 916.3246619277725 406.4147056346451 962.7389389712303 403.94381783202243 963.4353380722275 417.02529436535497 917.0210610287697 419.4961821679776
0 969.58 206.61 984.3000000000001 206.61 984.3000000000001 264.8 969.58 264.8
0 791.2900000000001 336.79 808.9 336.79 808.9 394.40000000000003 791.2900000000001 394.40000000000003
0 985.92 216.83 1000.64 216.83 1000.64 263.90000000000003 985.92 263.90000000000003
0 693.7771296375208 485.96579361364326 730.4651790905466 484.01268651664765 740.1828703624792 666.5542063863568 703.4948209094534 668.5073134833524
0 833.9 197.47 896.9399999999999 197.47 896.9399999999999 217.32000000000002 833.9 217.32000000000002
0 356.7 306.18 383.05 306.18 383.05 397.59999999999997 356.7 397.59999999999997
0 70.31 206.84000000000003 177.79 206.84000000000003 177.79 809.62 70.31 809.62
0 767.36 445.05 804.1 445.05 804.1 574.3 767.36 574.3
0 257.71000000000004 538.77 296.9 538.77 296.9 741.4000000000001 257.71000000000004 741.4000000000001
0 558.9599999999999 212.45999999999998 592.9 212.45999999999998 592.9 403.7 558.9599999999999 403.7
0 436.09000000000003 298.87 456.0 298.87 456.0 372.79999999999995 436.09000000000003 372.79999999999995
0 967.0681277517374 335.2120428534739 983.5110723526204 333.8410677069852 988.6318722482627 395.2579571465261 972.1889276473796 396.6289322930148
0 790.12 268.5 812.36 268.5 812.36 334.27 790.12 334.27
