0 962.9087630934367 315.5198097225064 949.6511826875993 318.36764430034856 941.8112369065633 281.8701902774936 955.0688173124007 279.0223556996514
0 880.7383857028999 400.65124405760565 872.1027524944614 402.236879289717 865.8216142971 368.0287559423943 874.4572475055386 366.4431207102829
0 839.3276234946619 137.60418070339983 830.9912271984193 145.7135207993629 774.6023765053382 87.74581929660016 782.9387728015807 79.6364792006371
0 854.9223622817702 407.0252527454229 845.0179401395177 408.84385716311783 838.7476377182298 374.6947472545771 848.6520598604824 372.8761428368822
0 935.7687094113104 331.4357339283739 928.4942960870918 332.8467657453191 923.9412905886896 309.37426607162604 931.2157039129082 307.96323425468086
0 928.3841076662732 478.03602827629373 930.7696881284708 493.73581827037907 884.0558923337269 500.83397172370627 881.6703118715293 485.13418172962093
0 916.9018092875274 245.45760002598706 906.7160662634856 255.3659166866608 877.2281907124727 225.05239997401293 887.4139337365145 215.1440833133392
0 770.4324463955113 92.6885313279821 759.1740414371366 102.79621245637361 728.7975536044887 68.9614686720179 740.0559585628635 58.853787543626396
0 780.5364683059859 81.18084756727785 769.3450333704964 91.22840369226188 739.7635316940141 58.27915243272216 750.9549666295036 48.23159630773813
0 930.5929745370192 306.6164013213509 917.4364913992422 309.8582297322004 910.6370254629808 282.2635986786491 923.7935086007578 279.0217702677996
0 830.3043613160555 145.36527695589038 818.1187433421842 157.2189985063093 763.0756386839446 100.63472304410962 775.2612566578159 88.78100149369068
0 952.4739247553586 329.3037837520622 936.7329922676016 332.68506227000165 924.3860752446413 275.2062162479378 940.1270077323983 271.82493772999834
0 310.94979248575913 432.693482017843 281.52899243801306 397.93275526263045 501.3902075142409 211.84651798215697 530.811007561987 246.6072447373695
0 874.3803913514694 495.5151922027879 858.6825060367303 497.91327407071907 848.2596086485307 429.68480779721216 863.9574939632698 427.286725929281
0 738.1780395480223 438.5586553052766 671.6249316009685 459.9943783532125 573.6619604519776 155.84134469472338 640.2150683990315 134.4056216467875
0 934.5824307431639 244.55907810573854 925.8517938654137 253.05192095774458 889.537569256836 215.72092189426144 898.2682061345862 207.2280790422554
0 871.8447215804454 402.70066719711826 863.218923945137 404.28449646655065 856.9052784195546 369.89933280288176 865.531076054863 368.3155035334494
0 940.9414593004307 490.15533495885774 931.0370371581781 491.97393937655266 924.7685406995694 457.8346650411423 934.6729628418219 456.01606062344734
0 755.86949999234 99.53113044876017 745.5337931270508 108.81042264131523 719.90050000766 80.25886955123983 730.2362068729492 70.97957735868476
0 891.2973534471629 198.35288178416783 881.118778433694 208.25422566745897 826.0826465528372 151.67711821583214 836.2612215663061 141.775774332541
0 863.4035446753505 405.43807321575997 854.9449517832581 406.9912011196504 848.6764553246494 372.85192678424 857.1350482167418 371.2987988803496
