0 152.23303031772937 32.80768300694556 142.2242223328415 29.838278568064894 150.44696968227063 2.1223169930544366 160.45577766715851 5.091721431935104
0 599.8454453294248 397.3883814226992 507.7552301012325 372.0594975304861 511.8445546705752 357.19161857730086 603.9347698987676 382.52050246951393
0 169.89386719279955 273.7073377964867 115.28189158265594 258.6866280943094 119.3261328072005 243.98266220351334 173.93810841734407 259.0033719056906
0 262.81558729469134 289.17695019480846 239.7301374598158 282.3279790369304 241.62441270530866 275.94304980519155 264.7098625401842 282.7920209630696
0 485.3538946523672 363.62993180319575 368.40674561009473 331.46429127040835 375.8561053476328 304.38006819680425 492.8032543899053 336.54570872959164
0 518.3250046075085 837.4554919498532 463.4289625934344 1021.9516292297135 424.28499539249157 1010.3045080501468 479.1810374065656 825.8083707702865
0 275.700930068829 304.86196525779434 236.15931425364556 293.9862713155929 239.20906993117097 282.89803474220565 278.75068574635435 293.7737286844071
0 189.67961895329827 32.237985285839144 170.67822295133678 26.60066766336646 178.4003810467017 0.5720147141608578 197.4017770486632 6.209332336633544
0 170.0138570287045 27.202573828507443 155.83471238344666 22.99591754009316 162.45614297129552 0.6774261714925576 176.63528761655337 4.884082459906839
0 994.8657547845123 485.7502839966163 950.9021529035294 436.8599556110303 966.0042452154876 423.27971600338367 1009.9678470964705 472.1700443889697
0 257.22513520906875 5.159548222595437 261.00551598111696 39.139907567639575 249.76486479093126 40.39045177740456 245.98448401888305 6.4100924323604245
0 362.8754116956715 61.49750342646356 264.63363565546086 34.476668123588574 271.19458830432853 10.622496573536447 369.4363643445392 37.64333187641143
0 217.09076811842266 41.61046834655446 198.87550454439298 36.206379808361675 209.08923188157735 1.779531653445538 227.30449545560703 7.183620191638326
0 235.3741805829781 2.7404321498122863 233.96712920232784 38.61284782554021 222.6658194170219 38.16956785018771 224.07287079767218 2.2971521744597956
0 246.79561400156433 4.716285600395498 247.5419403714173 40.59852489715152 236.23438599843564 40.8337143996045 235.48805962858268 4.951475102848473
