0 553.27 221.29 568.7 221.29 568.7 267.1 553.27 267.1
0 570.0899999999999 211.77999999999997 584.5 211.77999999999997 584.5 262.5 570.0899999999999 262.5
0 558.8717765425322 201.55321943825456 560.3322701072648 213.58490088963012 528.1882234574678 217.48678056174546 526.7277298927352 205.4550991103699
0 558.1238277116845 191.7789865104142 559.1059252820285 199.86959738737056 531.8261722883155 203.18101348958578 530.8440747179716 195.09040261262942
0 591.6670553081069 204.95574938493272 598.7438230366258 204.00761515572574 602.392944691893 231.24425061506727 595.3161769633741 232.19238484427424
0 598.4186167954567 201.90194551883343 605.4356102128042 200.52924621421425 610.7113832045434 227.49805448116655 603.6943897871959 228.87075378578572
0 584.4499999999999 207.72 592.6 207.72 592.6 235.20000000000002 584.4499999999999 235.20000000000002
0 529.3351119846593 302.74656754202124 573.1430795813997 300.4144279572308 586.7148880153406 555.3534324579788 542.9069204186003 557.6855720427692
0 530.99 216.44 552.5 216.44 552.5 271.6 530.99 271.6
0 547.6 118.35 564.2199999999999 118.35 564.2199999999999 166.98999999999998 547.6 166.98999999999998
0 529.4200000000001 118.79000000000002 546.04 118.79000000000002 546.04 167.43 529.4200000000001 167.43
