0 905.1040647176736 649.6396893657011 903.4844204928874 644.6247464363034 912.1059352823264 641.8403106342989 913.7255795071127 646.8552535636966
0 898.4328193295122 622.0549981391077 898.6956258632546 618.1738858338758 911.1171806704878 619.0150018608922 910.8543741367454 622.8961141661241
0 914.2001260350555 593.6923933221218 914.2402357211824 588.4225459606627 926.7298739649445 588.5176066778782 926.6897642788176 593.7874540393374
0 529.578996982173 302.1105308856629 533.848846307609 305.93169389423406 519.031003017827 322.4894691143371 514.7611536923908 318.66830610576596
0 629.9971793527187 87.15596356730003 636.1449392402352 89.61145707481398 628.7228206472813 108.19403643269996 622.5750607597648 105.73854292518601
0 516.9073702622921 339.65203133857807 528.9866473243025 350.461988121988 493.8826297377078 389.68796866142196 481.8033526756975 378.87801187801205
0 750.9959078838634 229.07792196446678 757.5412356188289 230.0003019522652 754.7140921161366 250.0620780355332 748.1687643811712 249.13969804773478
0 502.82765460750215 331.27611821398375 514.5790549324807 341.7926523579921 481.5823453924978 378.6638817860163 469.8309450675192 368.14734764200796
0 895.7378312049849 628.8133500065885 895.0956711335156 623.5926957906295 907.5021687950151 622.0666499934116 908.1443288664844 627.2873042093706
0 917.709764620733 658.2894106655357 915.8411807712644 652.5036700562874 928.050235379267 648.5605893344642 929.9188192287356 654.3463299437125
0 755.9284649945328 189.43669896399336 762.4737927294982 190.3590789517918 759.6815350054671 210.17330103600665 753.1362072705017 209.25092104820823
0 859.2731020614071 667.6878881968884 861.3442704051024 661.9715378146888 873.4068979385929 666.3421118031116 871.3357295948977 672.0584621853112
0 898.6088248550881 639.342590738215 897.9666647836187 634.121936522256 917.271175144912 631.7474092617849 917.9133352163814 636.968063477744
0 676.6201684483367 642.765407390859 682.7845188897631 640.35186567063 690.0798315516633 658.984592609141 683.9154811102369 661.39813432937
0 560.6268372435391 263.5011641786607 565.6484673211469 267.08615111917584 555.823162756461 280.8488358213393 550.8015326788532 277.2638488808242
0 762.4355634068637 155.34913674715142 768.9486086531211 156.53431252323037 765.3644365931362 176.23086325284856 758.8513913468788 175.04568747676961
0 555.1905774162265 259.7699393334907 560.065709371635 263.2503399451092 550.6994225837736 276.3700606665093 545.8242906283651 272.8896600548908
0 470.0346156823999 562.5506722242576 454.66628069336224 578.1105944497933 367.79538431760017 492.30932777574236 383.1637193066378 476.74940555020663
0 784.0829496318671 633.1339642078967 786.3346639002597 626.9193135456699 799.1870503681329 631.5760357921033 796.9353360997403 637.7906864543302
0 911.1591692834049 570.9660239123366 913.852738893697 566.4480284769127 924.5808307165951 572.8439760876633 921.887261106303 577.3619715230873
0 904.8051640897862 612.6973934669402 904.8451976664518 607.4375458158443 917.3348359102139 607.5326065330598 917.2948023335483 612.7924541841558
