0 311.0 996.5 320.70000000000005 996.5 320.70000000000005 1024.0 311.0 1024.0
0 299.03 950.66 309.4 950.66 309.4 982.1999999999999 299.03 982.1999999999999
0 962.89 913.4 971.2800000000001 913.4 971.2800000000001 945.1999999999999 962.89 945.1999999999999
0 322.34 965.18 332.04 965.18 332.04 992.68 322.34 992.68
0 321.59 1002.47 331.29 1002.47 331.29 1024.0 321.59 1024.0
0 971.02 879.6 979.4000000000001 879.6 979.4000000000001 908.4 971.02 908.4
0 311.19 954.71 320.89000000000004 954.71 320.89000000000004 982.21 311.19 982.21
0 322.12 454.87 339.54999999999995 454.87 339.54999999999995 550.13 322.12 550.13
0 984.51 917.98 992.8900000000001 917.98 992.8900000000001 949.78 984.51 949.78
0 337.4314562018641 611.7362383655882 331.2593909334021 933.096973382052 281.62854379813587 932.1437616344119 287.8006090665979 610.783026617948
0 971.67 914.6 980.0600000000001 914.6 980.0600000000001 946.4 971.67 946.4
