0 384.3264077758124 0.4736531632203871 394.54774480375715 17.115322831891444 342.5435922241876 49.05634683677961 332.32225519624285 32.414677168108554
0 412.4353710778552 11.648430735365196 440.6132765493108 18.246100266473547 406.20462892214476 165.2015692646348 378.0267234506892 158.60389973352645
0 370.09107094153796 430.1283484824456 648.9176914095553 629.1851841309208 616.158929058462 675.0716515175545 337.33230859044465 476.0148158690792
0 347.5023281647645 0.4083246018784603 356.9003071114493 15.371843296278788 327.66767183523547 33.73167539812154 318.26969288855065 18.76815670372121
0 977.1072464345009 361.83890169204653 995.4705946443023 366.13855778592017 970.732753565499 471.79109830795346 952.3694053556976 467.4914422140798
0 481.30419543968566 203.66400182702935 876.6660360374694 321.64503038303343 855.7858045603143 391.6159981729706 460.42396396253054 273.6349696169665
0 374.8438817834488 182.09736943908987 393.85958647790375 186.54977047373208 379.94611821655116 245.97263056091012 360.9304135220962 241.5202295262679
0 72.85539137487433 47.2200196239191 306.9305593461285 411.7704943722442 255.47460862512565 444.8099803760809 21.399440653871462 80.25950562775584
0 932.8570685699456 485.91529156321184 959.1752712269408 492.0775240243681 926.5129314300543 631.5747084367881 900.1947287730591 625.4124759756319
0 899.1231463246028 588.9693498683511 907.8179872320007 591.0051891535203 900.2468536753971 623.3406501316489 891.5520127679991 621.3048108464797
