0 494.7531972773403 612.418959936431 502.65539873647276 610.1193703862538 508.67680272265966 630.8110400635691 500.7746012635272 633.1106296137463
0 541.5373986649143 512.4000256704197 549.4396001240469 510.1004361202425 553.9326013350857 525.5399743295803 546.0303998759531 527.8395638797575
0 105.82497959803442 381.45977768672736 131.90099630119488 375.81497893951797 134.09502040196554 385.9502223132726 108.01900369880511 391.595021060482
0 499.88180019984935 579.0291590849977 507.7840016589818 576.7295695348205 513.8081998001506 597.4308409150024 505.90599834101823 599.7304304651796
0 489.697988244266 439.4156869736138 497.6001897033985 437.1160974234366 501.892011755734 451.8643130263862 493.98981029660155 454.1639025765634
0 490.58632510918994 422.84057950876826 521.4894615285598 415.1736531724966 523.7336748908101 424.2194204912317 492.83053847144026 431.88634682750336
0 532.8231972773402 569.1789599364309 540.7253987364728 566.8793703862538 546.7468027226597 587.5710400635691 538.8446012635271 589.8706296137462
0 176.92980785876694 404.88295707052623 199.85871909775284 399.9194271376351 201.75019214123307 408.65704292947373 178.82128090224717 413.62057286236484
0 115.11980785876693 421.63295707052623 138.04871909775284 416.6694271376351 139.94019214123307 425.40704292947373 117.01128090224717 430.37057286236484
0 461.5484933364038 374.6682484854891 469.45069479553626 372.3686589353119 475.1815066635962 392.06175151451095 467.27930520446375 394.36134106468813
0 558.8292163473293 681.3792882424094 566.7314178064619 679.0796986922322 574.3007836526708 705.0907117575906 566.3985821935382 707.3903013077678
0 398.71871501093517 393.239412695715 403.5291681470535 391.83954104973833 407.87128498906486 406.760587304285 403.06083185294654 408.16045895026167
0 467.7418001998493 618.7691590849977 475.6440016589818 616.4695695348205 481.66819980015066 637.1708409150024 473.7659983410182 639.4704304651796
0 537.7192163473293 685.6092882424094 545.6214178064619 683.3096986922322 553.1907836526708 709.3207117575906 545.2885821935382 711.6203013077678
0 509.25429439494496 694.6304029474181 516.2347323788931 692.5990522755119 523.035705605055 715.9695970525818 516.0552676211069 718.000947724488
0 522.3451257560679 314.33611776194084 551.3121116484134 306.5313930190267 634.1748742439321 614.0738822380591 605.2078883515866 621.8786069809732
0 404.64319727734033 703.2089599364309 412.5453987364728 700.9093703862537 418.5668027226597 721.601040063569 410.66460126352723 723.9006296137462
0 453.9346070487077 511.9033397624754 461.83680850784015 509.6037502122982 465.9553929512923 523.7566602375247 458.05319149215984 526.0562497877019
0 385.2931972773403 617.1989599364309 393.1953987364728 614.8993703862537 399.2168027226597 635.591040063569 391.3146012635272 637.8906296137462
0 524.3804107386841 490.11810561833113 532.2826121978167 487.81851606815394 537.1695892613159 504.6118943816689 529.2673878021833 506.9114839318461
0 477.52319727734033 616.8089599364309 485.4253987364728 614.5093703862537 491.4468027226597 635.201040063569 483.5446012635272 637.5006296137462
0 424.2852385632806 383.69495785348926 430.5167437236414 381.88155127017825 436.2447614367194 401.56504214651073 430.01325627635856 403.37844872982174
0 335.44368275193074 389.4630622510946 369.1235753902706 382.1722164928923 371.69631724806925 394.0569377489054 338.01642460972937 401.3477835071077
0 480.91541200807177 441.9745635157922 488.81761346720424 439.67497396561504 493.5145879919282 455.81543648420774 485.6123865327957 458.1150260343849
0 520.07673475345 604.6529277555957 527.9789362125825 602.3533382054185 532.7932652465499 618.8970722444043 524.8910637874174 621.1966617945815
0 558.3582061630538 568.6841652186588 566.2604076221863 566.3845756684816 570.9517938369462 582.5058347813413 563.0495923778136 584.8054243315185
0 528.8692341187561 515.2096988068652 536.7714355778887 512.910109256688 541.6807658812438 529.7803011931348 533.7785644221112 532.079890743312
0 391.7119625107925 571.1869308864814 401.7088942042445 568.7067380075996 410.1680374892075 602.8030691135186 400.1711057957555 605.2832619924004
0 470.93415090093 373.02305691300745 478.83635236006245 370.72346736283026 485.19584909907 392.57694308699257 477.29364763993755 394.87653263716976
0 511.13291010399035 520.8448766696006 519.0351115631229 518.5452871194234 524.0170898960098 535.6651233303994 516.1148884368772 537.9647128805766
0 447.2431972773403 595.3589599364309 455.14539873647277 593.0593703862537 461.16680272265967 613.751040063569 453.2646012635272 616.0506296137462
0 475.3823205246387 530.1292153664065 483.2845219837712 527.8296258162293 488.4676794753613 545.6407846335935 480.56547801622884 547.9403741837707
0 488.5857785910851 675.495914984097 496.4879800502176 673.1963254339198 501.34422140891485 689.8840850159031 493.4420199497824 692.1836745660803
0 495.22885484186656 665.9537683639493 503.13105630099903 663.6541788137721 509.7811451581334 686.5062316360508 501.87894369900096 688.805821186228
0 114.3541040564835 411.9550018888632 134.9862147237892 407.48867124592505 136.5158959435165 414.5549981111368 115.88378527621077 419.02132875407494
0 458.23716090332096 431.9392554239338 489.1402973226908 424.2723290876621 491.36283909667907 433.2307445760662 460.4597026773092 440.89767091233784
0 108.51872195110553 401.64853906152365 128.4862264955421 397.3260788514229 129.93127804889446 404.0014609384763 109.96377350445786 408.3239211485771
0 549.5423948567515 569.9406519780363 557.444596315884 567.6410624278591 562.5076051432485 585.0393480219637 554.6054036841159 587.3389375721409
0 392.50667377132487 640.1732625781589 399.44870494380706 638.1530885261806 404.1233262286751 654.2167374218412 397.18129505619294 656.2369114738195
0 302.6386005775388 319.14159425891125 329.10402117212357 318.2630086047319 329.3813994224612 326.61840574108874 302.9159788278764 327.4969913952681
0 519.5773986649143 516.9000256704197 527.4796001240469 514.6004361202425 531.9726013350856 530.0399743295803 524.0703998759531 532.3395638797575
0 556.7065784728986 650.0613071475692 564.6087799320312 647.761717597392 570.8034215271014 669.0486928524307 562.9012200679688 671.3482824026079
0 524.1588548418664 656.6037683639493 532.061056300999 654.3041788137721 538.7111451581335 677.1562316360507 530.8089436990009 679.4558211862279
0 488.0531972773403 495.7889599364309 495.9553987364728 493.4893703862537 501.97680272265967 514.1810400635691 494.0746012635272 516.4806296137463
0 502.4133510191164 522.807664749535 510.31555247824895 520.5080751993578 515.3366489808836 537.762335250465 507.4344475217511 540.0619248006421
0 294.246437424999 384.9171813090764 302.14863888413146 382.6175917588992 307.44356257500107 400.8128186909236 299.5413611158686 403.1124082411008
0 432.2331972773403 382.6489599364309 440.1353987364728 380.3493703862537 446.1568027226597 401.04104006356914 438.2546012635272 403.34062961374633
0 283.0145124063928 341.3285767914676 290.91671386552525 339.0289872412904 298.19548759360725 364.0414232085324 290.2932861344748 366.3410127587096
0 437.6754252920903 360.5938381274967 475.1202432273695 351.3039506258209 477.8845747079096 362.44616187250324 440.43975677263046 371.73604937417906
0 452.4029844361031 376.0763132812304 460.3051858952356 373.7767237310532 465.16701556389694 390.48368671876955 457.26481410476447 392.78327626894674
0 528.1928357718775 602.6234400579708 536.0950372310101 600.3238505077936 541.1971642281226 617.8565599420292 533.29496276899 620.1561494922064
0 454.8431972773403 590.8589599364309 462.7453987364728 588.5593703862537 468.7668027226597 609.251040063569 460.8646012635272 611.5506296137462
0 174.24980785876693 384.47295707052626 197.17871909775283 379.50942713763516 199.07019214123306 388.24704292947376 176.14128090224716 393.21057286236487
0 518.3149736317209 432.37469123078006 526.2171750908535 430.07510168060287 530.495026368279 444.7753087692199 522.5928249091464 447.0748983193971
0 505.98040819990894 493.87518982340885 513.8826096590415 491.57560027323166 519.1495918000912 509.6748101765911 511.2473903409587 511.9743997267683
0 177.19441581280628 353.68021886317194 196.51620911486052 346.1151145286177 199.77558418719374 354.43978113682806 180.4537908851395 362.0048854713823
0 480.33533259840846 500.417295314318 488.2375340575409 498.1177057641408 493.8146674015915 517.2827046856821 485.91246594245905 519.5822942358593
0 488.5267322146747 365.29001196067344 496.4289336738072 362.99042241049625 501.62326778532525 380.83998803932656 493.7210663261928 383.13957758950374
0 180.81980785876692 419.24295707052624 203.74871909775283 414.27942713763514 205.64019214123306 423.01704292947375 182.71128090224715 427.98057286236485
0 442.97903721780057 508.00142548008273 450.88123867693304 505.70183592990554 463.25096278219945 548.2085745199173 455.348761323067 550.5081640700945
0 484.1131972773403 527.3189599364309 492.0153987364728 525.0193703862537 498.0368027226597 545.711040063569 490.1346012635272 548.0106296137462
0 498.85313056155337 362.4762707095678 506.75533202068584 360.1766811593906 511.75686943844664 377.3637292904322 503.8546679793142 379.6633188406094
0 515.6125409822017 491.5606094063737 523.5147424413343 489.2610198561965 528.7174590177982 507.13939059362633 520.8152575586656 509.4389801438035
0 545.3621743991885 657.389257938069 553.264375858321 655.0896683878918 558.3078256008116 672.4207420619309 550.405624141679 674.7203316121081
0 466.66161120638367 532.6594251871957 474.5542109626497 530.3626297920005 479.05838879361636 545.8405748128043 471.16578903735035 548.1373702079995
0 285.3322279844591 400.2957348728497 291.23727524735887 398.5773295589263 295.3977720155409 412.87426512715024 289.49272475264115 414.59267044107366
0 180.29944931558128 364.35974469303284 202.0580933008364 355.58859813611554 205.4005506844187 363.8802553069672 183.6419066991636 372.6514018638845
0 376.4932221689388 683.0759315214798 384.712279822666 680.6841348568969 391.16677783106115 702.8640684785203 382.94772017733396 705.2558651431032
0 480.0750454250585 369.7432120474876 487.97724688419095 367.4436224973104 492.51495457494156 383.0367879525124 484.6127531158091 385.3363775026896
0 534.6288548418664 655.2537683639492 542.531056300999 652.954178813772 549.1811451581335 675.8062316360507 541.2789436990009 678.1058211862279
0 417.9115247243221 687.3141122765848 428.22601064358474 685.4032276067704 433.8584752756779 715.8058877234151 423.54398935641524 717.7167723932295
0 371.4811084381908 380.716477456305 400.7245600812691 373.46131129701274 403.4888915618092 384.6035225436951 374.24543991873094 391.8586887029873
0 438.7931972773403 599.5789599364309 446.6953987364728 597.2793703862537 452.7168027226597 617.971040063569 444.8146012635272 620.2706296137462
0 378.45319727734034 585.3289599364309 386.3553987364728 583.0293703862537 392.3768027226597 603.721040063569 384.47460126352723 606.0206296137462
0 505.4199723623334 434.48823333331893 513.3221738214659 432.18864378314174 517.7900276376668 447.54176666668104 509.88782617853417 449.84135621685823
0 564.3326153143145 592.4920460180035 572.234816773447 590.1924564678263 577.3173846856856 607.6579539819966 569.415183226553 609.9575435321738
0 536.631223314374 600.5980767564148 544.5334247735066 598.2984872062376 548.858776685626 613.1619232435852 540.9565752264934 615.4615127937624
0 99.03811036207873 370.33903765641134 127.85074051234749 364.1018312445772 130.10188963792126 374.5009623435887 101.28925948765252 380.7381687554228
0 544.7408516538102 597.5508936982657 552.6430531129428 595.2513041480885 557.5691483461898 612.1791063017344 549.6669468870572 614.4786958519115
0 572.4602519193575 643.7735692153824 580.36245337849 641.4739796652052 587.0097480806426 664.3164307846175 579.10754662151 666.6160203347947
0 483.56930591209374 588.1582196235727 491.4715073712262 585.8586300733955 496.6406940879063 603.6217803764273 488.7384926287738 605.9213699266045
0 562.9215816919946 352.49081909179125 591.8982232463043 344.6834927739629 660.6084183080054 599.6991809082089 631.6317767536957 607.5065072260372
0 372.192974281002 554.8346501015413 380.0951757401345 552.5350605513642 386.47702571899794 574.4653498984586 378.57482425986547 576.7649394486358
0 429.8219166100746 439.62961613621434 454.5716018705624 433.48933279529325 457.01808338992544 443.3503838637857 432.2683981294376 449.49066720470677
0 173.08773210761737 395.7216118924266 194.64833662304912 391.05428579184786 196.29226789238263 398.6483881075734 174.73166337695088 403.31571420815214
0 533.0918001998492 483.67915908499765 540.9940016589818 481.37956953482046 547.0181998001507 502.08084091500234 539.1159983410181 504.38043046517953
0 547.6778192698382 685.0894873909762 555.5800207289708 682.789897840799 563.1521807301617 708.8105126090239 555.2499792710291 711.1101021592011
0 565.1570219267999 649.2070110224261 573.0592233859325 646.9074214722489 578.9129780732001 667.022988977574 571.0107766140675 669.3225785277511
0 404.7849318722354 390.859364935469 411.18926768419334 388.99566356248215 416.0650681277646 405.750635064531 409.6607323158067 407.61433643751786
0 493.39614263532314 526.4743506574794 501.2983440944556 524.1747611073022 506.6938573646769 542.7156493425207 498.7916559055444 545.0152388926979
0 403.216266050045 370.40235754479465 434.11940246941487 362.735431208523 436.883733949955 373.8776424552053 405.98059753058516 381.544568791477
0 399.76319727734034 679.5589599364309 407.6653987364728 677.2593703862537 413.6868027226597 697.951040063569 405.78460126352724 700.2506296137462
0 402.0653485103172 613.0900428032915 410.67634129897215 611.1356367058456 418.0446514896828 643.5999571967086 409.43365870102787 645.5543632941544
0 277.9025034138026 369.4571428187645 283.08742296171454 367.94829912849036 288.5974965861974 386.8828571812355 283.41257703828546 388.39170087150967
0 526.0651146796207 575.458817069273 533.9673161387533 573.1592275190958 539.1448853203793 590.9511829307271 531.2426838612467 593.2507724809043
0 504.32584530687205 665.00860421096 512.2280467660045 662.7090146607828 518.104154693128 682.9013957890401 510.2019532339954 685.2009853392173
0 424.78299812877356 721.77756285894 432.67559788503956 719.4807674637448 438.69700187122646 740.1724371410601 430.80440211496045 742.4692325362553
0 516.70386372758 665.2289736461771 524.6060651867126 662.9293840959999 529.9261362724201 681.211026353823 522.0239348132875 683.5106159040001
0 471.91790629582744 503.31550297721714 479.8201077549599 501.01591342704 485.3720937041725 520.0944970227828 477.46989224504006 522.39408657296
0 408.9431972773403 650.4289599364309 416.84539873647276 648.1293703862538 422.86680272265966 668.8210400635691 414.9646012635272 671.1206296137462
0 486.64319727734033 614.778959936431 494.5453987364728 612.4793703862538 500.5668027226597 633.1710400635691 492.66460126352723 635.4706296137463
0 511.30129003016094 607.3507659832778 519.2034914892935 605.0511764331006 524.548709969839 623.4192340167222 516.6465085107064 625.7188235668993
0 383.9190111224179 711.6153889719757 391.82121258155036 709.3157994217985 397.0909888775821 727.4246110280243 389.18878741844964 729.7242005782015
0 464.13319727734034 588.038959936431 472.0353987364728 585.7393703862538 478.0568027226597 606.4310400635691 470.15460126352724 608.7306296137463
0 443.02253844342647 379.59769361145146 450.92473990255894 377.2981040612743 456.5074615565735 396.4823063885486 448.60526009744103 398.78189593872577
0 502.52319727734033 609.7189599364309 510.42539873647286 607.4193703862537 516.4468027226598 628.111040063569 508.5446012635272 630.4106296137462
0 179.87980785876692 373.4529570705262 202.80871909775283 368.4894271376351 204.70019214123306 377.2270429294737 181.77128090224716 382.19057286236483
0 269.6528256167765 343.37177687828176 277.555027075909 341.0721873281046 284.17717438322353 363.8282231217183 276.27497292409106 366.12781267189547
0 518.1898262368829 582.0382759049816 526.0920276960155 579.7386863548044 530.420173763117 594.6117240950185 522.5179723039844 596.9113136451957
