0 504.84051678858793 812.2925632515859 494.81792608996534 813.6191286242243 491.04948321141205 785.1474367484142 501.07207391003465 783.8208713757757
0 448.26978298471937 794.6596658834612 438.2471922860968 795.9862312560997 433.48021701528063 759.9703341165389 443.5028077139032 758.6437687439004
0 454.9094037144668 841.0580241929091 444.8868130158442 842.3845895655476 440.9805962855332 812.871975807091 451.0031869841558 811.5454104344525
0 544.2409952505025 537.3092372403794 531.7201920335287 538.9664598572363 527.7090047494976 508.66076275962064 540.2298079664713 507.00354014276377
0 503.0306546639264 843.3540656860844 495.9622994036713 844.2896157461153 492.67934533607365 819.4859343139155 499.74770059632874 818.5503842538847
0 464.6243668284454 791.4788123443155 454.75291154374537 791.8896292891565 453.23563317155464 755.4311876556845 463.10708845625464 755.0203707108436
0 557.9089694010908 610.605626126079 545.7419237758278 613.99382634932 537.5410305989093 584.5443738739211 549.7080762241723 581.1561736506801
0 558.4716273506768 543.1364477060919 550.8847090258611 544.4512367890158 546.7883726493232 520.8135522939082 554.3752909741389 519.4987632109843
0 474.8028741756319 839.8542297630881 461.67734491254953 841.5914924271565 455.997125824368 798.6757702369118 469.1226550874504 796.9385075728435
0 565.4362517819549 444.3885049828306 513.3306763992047 451.2850703622443 488.34374821804505 262.50149501716936 540.4493236007953 255.60492963775567
0 545.7001450689125 613.2077218566095 537.5118980872893 616.0269790935316 527.5598549310874 587.1222781433904 535.7481019127107 584.3030209064683
0 530.5925864431896 812.0514265233609 513.940961133524 815.1089213388103 505.59741355681035 769.6685734766392 522.2490388664761 766.6110786611897
