0 300.7236973265118 25.660517261655535 296.3321031383631 48.59382056681893 288.94630267348816 47.17948273834447 293.33789686163686 24.246179433181076
0 291.30426245235844 113.21958482722192 307.2745126645077 129.33750057837744 300.08573754764154 136.46041517277808 284.1154873354923 120.34249942162256
0 709.112103949638 427.5118688557993 816.1518294469248 471.51107413800275 801.7578960503619 506.52813114420064 694.7181705530751 462.5289258619972
0 408.89118703582324 2.2378107904296063 405.670054700871 17.409640162022377 398.0988129641768 15.802189209570392 401.319945299129 0.6303598379776196
0 240.66124879616473 152.41193701285542 269.70358984151187 175.8973564599452 261.64875120383533 185.85806298714456 232.60641015848813 162.37264354005478
0 775.9959974774039 2.056755897857291 772.6879349786726 16.235977403443812 766.5040025225961 14.79324410214271 769.8120650213274 0.6140225965561882
0 206.98636965704083 202.89111975975524 230.03834297213393 220.78186950034004 222.9936303429592 229.85888024024476 199.94165702786609 211.96813049965996
0 839.2504749228383 33.65331754034072 819.1367915768819 28.977609865710036 820.9595250771617 21.136682459659276 841.0732084231181 25.812390134289963
0 225.15130470259422 121.90474391639931 219.33639503767412 139.4987123598409 211.3986952974058 136.87525608360068 217.2136049623259 119.28128764015905
0 238.68633167699852 104.65459647989016 230.87671440185528 117.70656866863561 224.4236683230015 113.84540352010984 232.23328559814473 100.79343133136439
0 534.7822865871489 132.89250718845207 539.0901481222689 152.08498563690247 530.7477134128511 153.95749281154795 526.439851877731 134.76501436309755
0 678.4858378780092 2.548100983401265 674.4938970742515 19.658603857931155 666.6641621219909 17.831899016598733 670.6561029257485 0.7213961420688451
0 695.5176928861791 6.3213357457826564 691.1417805423902 25.077641116496697 683.3023071138208 23.248664254217342 687.6782194576098 4.4923588835033055
0 536.6064634102795 92.56820618957133 532.2347783264147 113.15924476288066 524.6635365897205 111.55179381042868 529.0352216735853 90.96075523711934
0 844.9829923096136 43.80288440978279 841.9907407225055 56.62845770844862 835.4270076903865 55.097115590217214 838.4192592774946 42.271542291551384
0 799.5313559927854 32.16456385119164 795.9483789594753 47.52214099014078 788.1186440072147 45.69543614880836 791.7016210405247 30.33785900985922
0 547.0209288163285 98.18350855537004 543.6980327905878 113.83465426429875 537.8190711836714 112.58649144462997 541.1419672094121 96.93534573570126
0 783.4969971972338 28.05460146343668 779.6527377550268 44.532103377895744 771.8230028027662 42.70539853656333 775.6672622449731 26.227896622104257
0 317.0522257382014 30.76649316563594 311.6205666309751 59.13110984457036 301.86777426179856 57.263506834364065 307.2994333690249 28.898890155429637
0 281.51736640225226 126.14464372541775 295.50277282426225 140.25936324835564 289.59263359774775 146.11535627458224 275.60722717573776 132.00063675164435
0 233.36153752766776 64.41469322798058 223.74423952916132 88.54906662378112 216.75846247233224 85.76530677201943 226.37576047083869 61.630933376218906
0 333.4349950278437 31.145002770497545 328.00333592061736 59.509619449431966 318.00500497215637 57.594997229502454 323.4366640793827 29.230380550568025
0 551.6336530784165 640.1724648093939 513.7481694328021 688.0706383542995 493.13634692158354 671.7675351906062 531.0218305671979 623.8693616457006
0 217.810674079465 192.92633793957944 239.16135527320307 212.81655695706033 231.32932592053498 221.22366206042054 209.97864472679692 201.33344304293965
0 808.5208611867603 34.11947070159106 804.6788737655003 50.58723413974135 796.8491388132396 48.76052929840893 800.6911262344996 32.29276586025865
0 204.41650109853637 223.96645374576926 220.0459051162005 236.34891432727827 215.00349890146364 242.71354625423075 199.37409488379953 230.33108567272174
0 584.9653450491488 105.1359538733756 588.6818885291178 121.69397925569399 578.9246549508513 123.88404612662441 575.2081114708823 107.32602074430602
0 774.9889994830609 26.113066765768473 769.926936813299 47.81039198173466 761.2110005169392 45.77693323423153 766.273063186701 24.07960801826534
0 722.0707368734203 13.105498871245448 717.4289980788404 33.00120597008697 709.5992631265798 31.174501128754553 714.2410019211596 11.278794029913026
0 523.4072279802805 90.9040113320829 520.0988696246526 106.48668327853507 513.6427720197195 105.11598866791711 516.9511303753474 89.53331672146494
0 764.919361229518 23.169944773996153 760.2003737227426 43.39676006733626 752.370638770482 41.570055226003845 757.0896262772574 21.34323993266373
0 502.71997705805484 16.623074286411182 498.65760360494244 34.03546992651331 491.1200229419452 32.27692571358882 495.1823963950576 14.864530073486687
0 200.0211887321869 230.66043949008588 215.15678510034613 242.65167889976186 210.00881126781306 249.14956050991412 194.87321489965385 237.15832110023814
0 259.068804192406 12.944683149644838 251.74132763137607 35.11517225673396 244.60119580759402 32.755316850355165 251.92867236862395 10.584827743266043
0 202.66623745989642 216.42807953632115 214.76279258851338 223.5156569800131 211.65376254010357 228.82192046367885 199.55720741148662 221.7343430199869
0 686.8344934098524 3.877873838063108 682.3449800187169 23.121103024216247 674.5055065901475 21.292126161936892 678.995019981283 2.048896975783757
0 716.0368701711624 512.9855870120988 858.7503381071457 571.6486594656027 846.2231298288376 602.1244129879011 703.5096618928543 543.4613405343972
0 228.93651741401726 91.75647029591005 221.4699700456618 110.4935877475381 214.49348258598275 107.71352970408995 221.9600299543382 88.9764122524619
0 523.7587411052983 697.1274480270916 484.97993673838573 746.1550365041188 467.01125889470165 731.9425519729083 505.7900632616143 682.9149634958811
0 661.0959155738467 1.9593333773672796 657.6038193784138 16.92737146396514 649.7740844261532 15.100666622632719 653.266180621586 0.13262853603485958
0 497.39851726395983 86.5861935408243 493.6477983749052 104.2524242597776 487.2014827360402 102.8838064591757 490.9522016250948 85.2175757402224
0 257.6289730678716 103.94373657903807 245.44119928334376 120.00249649931757 239.45102693212837 115.45626342096193 251.63880071665622 99.39750350068243
0 747.5314324814173 19.069863403320845 744.3983155955997 32.49922223313116 738.0585675185827 31.02013659667916 741.1916844044002 17.590777766868847
0 224.67870003939458 55.93175242807815 212.55897962095344 86.34589349730483 201.0212999606054 81.74824757192185 213.14102037904655 51.33410650269517
0 169.45852534029078 105.98605237677674 207.94666109366804 124.10551722068436 202.08147465970924 136.56394762322327 163.59333890633198 118.44448277931565
0 814.8313597466541 36.602948659265316 810.9893723253941 53.07071209741559 805.058640253346 51.68705134073469 808.900627674606 35.21928790258442
0 511.8003265407482 137.9190312602534 512.6025677118703 157.57266474374336 504.0696734592518 157.92096873974657 503.2674322881297 138.26733525625662
0 319.31051012600295 94.22962988840584 325.74183970919836 114.25208977205438 317.839489873997 116.79037011159417 311.4081602908016 96.76791022794563
0 494.91962305766685 696.848843258056 468.1013905703587 730.7548206994555 456.2503769423331 721.381156741944 483.06860942964124 687.4751793005445
0 155.61638667290515 211.2182888610364 175.9993336531502 198.9117226299336 181.49361332709486 208.01171113896362 161.11066634684983 220.31827737006643
0 155.00748611170974 225.98644234464294 171.6449717394554 213.25472714257543 176.9625138882903 220.20355765535706 160.32502826054463 232.93527285742456
0 179.08975709859618 92.98264778497996 207.3903891241166 106.30603425224443 202.79024290140381 116.07735221502004 174.4896108758834 102.75396574775557
0 439.3404939144576 3.8778391418006697 432.8628257159488 20.618278643499167 424.18950608554235 17.26216085819933 430.66717428405116 0.5217213565008347
0 564.1209079016734 8.199044132295406 559.958565526896 26.039932729983942 552.1190920983266 24.210955867704588 556.281434473104 6.3700672700160546
0 642.7154829244919 2.741226142939521 639.3642520277688 17.1054786983929 631.5345170755081 15.278773857060479 634.8857479722312 0.9145213016071008
0 248.67030814234755 71.42882473624071 236.69163962038056 94.4824990733358 227.48969185765247 89.70117526375928 239.46836037961947 66.6475009266642
0 509.95264957632514 622.7965127098778 441.52056015520645 709.3144024059402 415.67735042367485 688.8734872901223 484.10943984479354 602.3555975940599
0 787.6008611867603 2.4494707015910704 783.7588737655003 18.91723413974135 775.9291388132397 17.090529298408928 779.7711262344997 0.6227658602586503
0 277.55903937911853 80.96842163081546 260.0935242682549 103.981198123716 251.41096062088155 97.39157836918456 268.87647573174513 74.37880187628402
0 549.1131518324047 131.11765869059363 552.7661833731166 147.39272429914232 545.9068481675953 148.93234130940638 542.2538166268833 132.6572757008577
0 908.9538820129986 53.65809721636775 880.5518604186562 115.71764659722054 867.2761179870014 109.64190278363226 895.6781395813438 47.582353402779475
0 916.5054119735471 966.6114933799622 892.1633946824572 1012.3357341522296 877.5545880264528 1004.5585066200379 901.8966053175427 958.8342658477704
0 212.76795627715663 45.91170178952052 199.18972338319142 79.98594413586245 187.6520437228434 75.38829821047948 201.2302766168086 41.31405586413754
0 459.23444216189273 73.45623424891238 455.14935686024796 92.69736150482663 446.79555783810724 90.92376575108761 450.880643139752 71.68263849517336
0 487.0620614255485 129.04593541218165 484.297067521223 154.26481145194683 475.8079385744515 153.33406458781835 478.572932478777 128.11518854805317
0 254.85536321516338 141.34585187609414 279.52514152877427 166.2437340743313 271.87463678483664 173.82414812390587 247.20485847122575 148.92626592566873
0 181.90893168565978 77.67836806199628 210.2095637111802 91.00175452926075 205.1110683143402 101.83163193800371 176.81043628881977 88.50824547073924
0 830.3018952444694 40.300203839244915 826.9415762639586 54.703410299933424 820.3681047555307 53.169796160755084 823.7284237360415 38.766589700066575
0 194.1674366395924 146.04713586299292 189.36057291829982 164.93507278487303 182.0825633604076 163.08286413700708 186.88942708170018 144.19492721512697
0 652.1096876494464 1.9659548229781445 648.869785779123 15.853022039301207 641.0303123505537 14.024045177021856 644.270214220877 0.1369779606987931
0 523.1403265407481 138.5090312602534 523.9425677118703 158.16266474374336 515.4096734592518 158.51096873974657 514.6074322881296 138.85733525625662
0 823.1842887822529 38.71249191933621 819.140091496716 56.04697974896809 811.8557112177471 54.34750808066379 815.899908503284 37.01302025103191
0 560.0275059697394 98.53359486228906 556.5073129924706 115.11402734768542 550.4424940302606 113.82640513771095 553.9626870075294 97.24597265231459
0 731.2018664353882 14.540737473910141 727.3576069931812 31.018239388369206 719.5181335646118 29.189262526089852 723.3623930068188 12.71176061163079
0 860.5877318195026 47.952925621549824 857.0615553098658 63.067040852779414 850.3322681804975 61.49707437845018 853.8584446901343 46.38295914722059
0 468.05538254789485 745.5486181628486 425.7032952957892 799.093866368362 407.7346174521051 784.8813818371515 450.0867047042108 731.3361336316381
0 347.26943556774484 89.18887875366639 353.8238245877193 108.27479986255807 346.0305644322551 110.9511212463336 339.47617541228067 91.86520013744192
0 817.7097796607836 8.7010366098464 813.5996937677858 26.31794025243295 805.7602203392164 24.488963390153597 809.8703062322143 6.872059747567048
0 670.2747718911999 2.353913370449799 666.1147015373695 20.185063491829556 658.2752281088001 18.3560866295502 662.4352984626305 0.524936508170448
0 838.1457592339958 43.415073077399306 834.787712274432 57.80854106177903 828.2142407660041 56.27492692260069 831.5722877255679 41.881458938220966
0 304.62739301180665 100.87452474241523 315.9222557989488 120.56503196339942 307.1526069881933 125.59547525758477 295.85774420105116 105.90496803660058
0 420.8098636280594 2.428117506966426 417.0113781086348 20.31933344548556 409.4401363719406 18.711882493033578 413.2386218913652 0.8206665545144394
0 234.89120523761153 165.48448685352463 259.68082411505657 188.5784080431152 251.84879476238848 196.9855131464754 227.05917588494344 173.89159195688484
0 416.77049401972823 111.82954981759622 411.997103848627 136.75662638654896 403.60950598027176 135.15045018240377 408.382896151373 110.22337361345103
0 577.9999026530455 8.607777359976332 573.8398322992151 26.438927481356085 566.0100973469545 24.612222640023663 570.1701677007849 6.781072518643913
0 108.19032185295895 149.13427231106812 137.06220982215652 157.7500128534768 134.01967814704105 167.94572768893187 105.1477901778435 159.3299871465232
0 756.1308611867603 21.999470701591072 752.2888737655003 38.46723413974134 744.4591388132396 36.64052929840893 748.3011262344996 20.17276586025865
