0 424.9108663918698 346.9879443732817 417.9041046224997 349.718455224257 410.80913360813025 331.5120556267183 417.81589537750034 328.781544775743
0 444.22645454673943 403.35577997049654 435.5891298656144 406.7217155540792 427.06354545326053 384.8442200295035 435.7008701343856 381.47828444592085
0 49.641328330294314 285.9038170234895 58.039522397786115 300.2111031534565 15.048671669705687 325.4461829765105 6.65047760221389 311.1388968465435
0 455.29214306943487 365.00968123946535 445.5553531106693 368.80407464274896 436.4778569305651 345.51031876053463 446.2146468893307 341.715925357251
0 403.13338940134366 311.9751118213007 396.56894222447244 304.82024401944255 412.95661059865637 289.7848881786993 419.5210577755276 296.93975598055744
0 409.0717696522072 320.76879609926254 402.5005619736089 313.60655974148074 418.88823034779284 298.5712039007375 425.4594380263911 305.7334402585193
0 122.09626648738124 333.46814839426725 116.17774572721986 336.71370104544064 107.75373351261875 321.3518516057328 113.67225427278014 318.1062989545594
0 466.30074003061793 394.72506400528476 455.8185498836215 398.8099372863316 446.10925996938204 373.89493599471524 456.5914501163785 369.8100627136684
0 896.0855833909264 381.84498494043964 864.9372454529276 389.5201034216242 816.3744166090736 192.43501505956033 847.5227545470724 184.7598965783758
0 448.05035228090856 305.9017988284973 441.02630558293185 300.3551540783224 453.8796477190914 284.0782011715027 460.9036944170681 289.6248459216776
0 445.17999548794137 338.3186508780038 436.3004157456413 341.7789924218595 427.3500045120586 318.8113491219962 436.22958425435866 315.35100757814047
0 117.65074516786993 609.8335215493594 129.00425608715213 632.1404417716972 27.139254832130064 683.9864784506406 15.785743912847863 661.6795582283028
0 72.08987916245451 781.4371701382333 65.46869458658963 791.1318859572932 35.41012083754549 770.6028298617666 42.031305413410365 760.9081140427068
0 467.51367467001387 470.78909627879517 457.56258215713194 474.6670026469357 447.6463253299861 449.2209037212048 457.597417842868 445.3429973530643
0 425.7315687087031 380.2381247210906 417.09424402757804 383.6040603046733 409.33843129129696 363.7018752789094 417.975755972422 360.3359396953268
0 457.90613457736947 438.3255069789741 443.6410384751015 443.88456563966986 431.8838654226305 413.7144930210259 446.1489615248985 408.1554343603301
0 100.62224324479749 285.3508460137289 93.27450932329342 289.3801395273338 84.4177567552025 273.2291539862711 91.76549067670658 269.1998604726662
0 366.27429036647067 490.83079448874713 374.75708539876956 512.6498294912399 313.33570963352935 536.5292055112527 304.85291460123045 514.7101705087599
0 172.45812938316973 968.2017786076751 141.99383286410753 998.435088674531 1.3018706168302572 856.6682213923248 31.76616713589246 826.4349113254689
0 83.07817746395119 285.17047802518255 76.37052060243494 288.8487710298457 67.3118225360488 272.32952197481745 74.01947939756505 268.6512289701543
0 95.34536208324434 311.2793429069996 85.04275187111153 316.9290086331162 72.58463791675567 294.2106570930004 82.88724812888847 288.5609913668838
0 477.440740030618 426.15506400528477 466.9585498836215 430.2399372863316 457.2492599693821 405.32493599471525 467.73145011637854 401.2400627136684
0 376.95185071011565 511.79484855754265 387.525449985745 538.9917490860663 316.4481492898843 566.6251514424574 305.87455001425496 539.4282509139338
0 110.00480140360565 307.9644761493752 104.66498045110447 310.8926858746561 94.50519859639434 292.36552385062487 99.84501954889552 289.43731412534396
0 441.3765257850333 439.6882095538837 430.3183095980063 441.26452004391246 427.1134742149667 418.7817904461163 438.1716904019937 417.2054799560876
0 928.9630927352075 363.5987553840519 894.0377275347766 372.20455375587886 847.7669072647925 184.42124461594807 882.6922724652234 175.81544624412112
0 541.8968754196619 614.4402859971802 541.153119911675 626.988263035107 387.3131245803381 617.8697140028197 388.056880088325 605.3217369648929
0 530.7137984711886 603.7846975032334 530.3481218867468 613.107528652385 506.8362015288114 612.1853024967667 507.20187811325326 602.862471347615
0 436.8169705221109 378.5766714035265 427.2385781033444 382.3093378327854 416.84302947788905 355.6333285964735 426.42142189665554 351.90066216721465
0 462.37294023918645 598.2282023296924 461.94729739813175 609.0798578795087 436.24705976081356 608.0717976703075 436.67270260186825 597.2201421204912
0 917.6552462984305 535.2979994215543 900.3986005784773 539.3675299222414 886.1747537015694 479.0520005784457 903.4313994215227 474.98247007775865
0 248.2902054161798 496.45168750726623 224.34869867803178 508.36100550231583 191.88979458382022 443.1083124927337 215.83130132196823 431.1989944976841
