0 123.42405614267103 290.0977911907316 141.06532589085978 295.3621716549116 121.20594385732895 361.9122088092684 103.5646741091402 356.6478283450884
0 342.1771371603671 474.2914533468998 355.75863658991216 482.80636809957156 320.5728628396329 538.9285466531003 306.99136341008784 530.4136319004285
0 103.3141369215963 282.04368188265977 121.99989249409388 287.61975027220404 101.70586307840371 355.6263181173402 83.02010750590613 350.0502497277959
0 229.60063343924608 303.2234368086363 220.48275581907754 316.01673222864554 162.0293665607539 274.35656319136376 171.14724418092246 261.5632677713545
0 317.9539169341765 362.2571869626929 296.81622737806333 391.9154822648404 218.78608306582353 336.30281303730703 239.9237726219367 306.6445177351595
0 210.62946614416188 667.8488413286898 253.55141006810152 694.7587341153617 86.53053385583814 961.1611586713102 43.60858993189849 934.2512658846383
0 217.2806334392461 314.57343680863625 208.16275581907755 327.3667322286455 149.70936656075392 285.7065631913637 158.82724418092246 272.91326777135447
0 80.83392814097387 279.9951116437853 99.51010127471632 285.5683205110786 79.21607185902614 353.57488835621473 60.53989872528369 348.00167948892147
0 58.64553906508023 285.24834318141995 77.33129463757781 290.82441157096423 60.53446093491978 347.11165681858006 41.84870536242218 341.5355884290358
0 14.576314898886311 338.45651484513843 31.249758332807243 343.43208356196254 17.08368510111369 390.9034851548616 0.4102416671927589 385.92791643803747
0 65.0626704242319 360.70595043879143 87.61014881504566 367.4344062955082 70.4873295757681 424.81404956120855 47.93985118495435 418.08559370449177
0 404.4307434511287 421.54775869380444 383.61226666975085 450.75816650511774 311.77925654887133 399.5622413061956 332.5977333302492 370.35183349488227
0 46.08617065240405 344.2658285676906 65.97931350804765 350.20219676086697 45.653829347595945 418.3141714323094 25.76068649195234 412.3778032391331
