0 858.468506829548 978.7366084679786 799.6501223021912 949.7116925922692 809.301493170452 930.1533915320215 868.1198776978088 959.1783074077309
0 903.8583484621652 413.0393047728001 809.1571117608228 571.3105572706443 780.4616515378348 554.1406952271998 875.1628882391772 395.86944272935574
0 995.7085723652244 455.4975813761302 882.0101565114917 611.699086594075 858.1514276347755 594.3324186238697 971.8498434885082 438.1309134059249
0 705.0600225026316 286.4546132776474 644.1022158075176 499.079075423754 605.9299774973684 488.1353867223526 666.8877841924824 275.51092457624605
0 849.4853502990327 994.8167008086456 796.4958954778479 968.6681678143528 804.7046497009674 952.0332991913543 857.6941045221522 978.1818321856471
0 848.1670367204431 355.47604219499465 766.45332000796 560.5346096849487 729.712963279557 545.8939578050054 811.4266799920401 340.8353903150512
0 315.97689471768894 353.4462604788041 270.56504851452775 331.0370252303528 276.1231052823111 319.7737395211959 321.5349514854723 342.1829747696472
0 168.84652150942705 325.0229834800338 103.97501767181488 293.01105461208414 115.57347849057295 269.50701651996616 180.44498232818515 301.51894538791583
0 321.8501789151026 342.07707139138887 276.79703607847506 319.8448443202555 284.58982108489744 304.0529286086111 329.642963921525 326.2851556797445
0 955.1266692080413 966.4932768730913 939.1289601370432 999.678498048785 928.1933307919586 994.4067231269088 944.1910398629567 961.2215019512151
0 775.6720354183784 261.69891944938 700.9732990165943 522.2525632158352 658.6579645816215 510.12108055062004 733.3567009834056 249.56743678416498
0 784.4472758758384 969.8109350836803 514.9607283607738 846.7378336016311 543.5127241241617 784.2190649163197 812.9992716392262 907.2921663983689
0 190.7045315593664 361.72763010305846 20.244748420261452 483.8307206952679 1.435468440633608 457.5723698969415 171.89525157973856 335.469279304732
0 497.38743651425494 253.37650547900847 413.8292236145648 399.58384133124963 384.292563485745 382.70349452099157 467.85077638543515 236.4961586687504
0 270.0011425588825 299.7016110341992 191.7948410703816 261.1094031744551 201.34885744111745 241.74838896580087 279.5551589296184 280.340596825545
0 936.1797978741668 449.38183240467464 850.8593440536179 591.9752721550907 825.2102021258333 576.6281675953254 910.5306559463822 434.03472784490924
0 172.91801565164158 253.30306518596956 111.12239318205549 222.8089814385213 120.67198434835841 203.45693481403043 182.46760681794447 233.9510185614787
0 387.0858738978275 787.4031783328459 65.43213033878475 640.5055903524657 93.98412610217248 577.9868216671542 415.63786966121523 724.8844096475344
0 157.19426665301117 270.1362334411471 96.76171697625298 240.31478076750705 106.31573334698885 220.9537665588528 166.748283023747 250.7752192324929
0 265.1386955236696 325.4713772277194 175.85742759344186 281.4140418932839 186.7213044763305 259.3986227722806 276.00257240655816 303.4559581067161
