0 249.7878377492964 815.7516620440354 167.780803742849 791.4218865936664 173.4721622507036 772.2383379559647 255.479196257151 796.5681134063336
0 429.61246970982677 791.7013759080893 389.63811474014096 778.5249179334452 392.8375302901733 768.8186240919107 432.8118852598591 781.9950820665548
0 714.1368748716098 564.2414756190558 693.3794668059705 617.8854912256127 678.2431251283903 612.0285243809442 699.0005331940296 558.3845087743873
0 252.5303211425532 795.4695904725701 173.6294689245193 772.0613543308192 179.88967885744682 750.96040952743 258.7905310754807 774.3686456691809
0 431.1592033607624 771.404327082945 403.5314061151421 762.2975757766396 406.0107966392376 754.7756729170551 433.63859388485787 763.8824242233604
0 260.2803211425532 774.38959047257 181.3794689245193 750.9813543308192 187.63967885744682 729.88040952743 266.5405310754807 753.2886456691808
0 319.4697659494169 784.293815859959 280.31653624608145 772.6778697599699 284.23023405058314 759.486184140041 323.3834637539186 771.1021302400301
0 202.76491637259176 696.4060375152319 172.79830237928627 685.1809742291641 176.95508362740827 674.0839624847681 206.92169762071376 685.3090257708359
0 343.5524916343105 765.4870431788358 305.0977129998944 752.8114721787565 309.21750836568947 740.3129568211641 347.6722870001056 752.9885278212435
0 939.2075365802956 947.4028925682903 920.8311789220371 1011.5007231026834 900.6924634197045 1005.7271074317098 919.068821077963 941.6292768973167
0 924.9064327660242 517.7670868235642 888.5401930834134 666.8867592727314 848.5035672339759 657.1229131764359 884.8698069165866 508.00324072726875
0 870.7493310543296 503.819366984309 800.3855971802013 703.2397918542076 756.9406689456705 687.910633015691 827.3044028197987 488.4902081457925
0 553.5511941555872 817.3230916449661 443.5247215391193 774.8493477132422 451.50880584441285 754.1669083550339 561.5352784608806 796.6406522867578
0 1015.2027527476257 698.7458380468165 997.8626144174273 759.2292738180224 978.1372472523742 753.5741619531834 995.4773855825727 693.0907261819775
0 362.2866747468695 831.8976409167298 319.27149758149005 814.7962189457058 328.7033252531305 791.0723590832703 371.71850241850996 808.1737810542942
0 816.3230602983222 481.868451878723 777.2624761786867 649.2923365793023 737.9969397016778 640.131548121277 777.0575238213132 472.7076634206977
0 432.7967224816047 781.987863119192 394.7408326351968 769.443774949936 397.5332775183953 760.9721368808081 435.58916736480325 773.516225050064
0 277.9688448685916 735.5822001439046 235.54417305828366 721.5980619227751 238.78115513140835 711.7777998560953 281.20582694171634 725.7619380772248
0 269.57041014038714 743.212451467857 227.14573833007915 729.2283132467275 230.37958985961285 719.4175485321431 272.80426166992083 733.4016867532727
0 992.9843210487891 514.825656528863 928.4796678770435 739.8217305372616 882.655678951211 726.684343471137 947.1603321229566 501.6882694627384
0 367.1259550130623 804.8038688573 329.17521326680827 789.7159001103436 335.2340449869377 774.4761311427 373.18478673319174 789.5640998896564
0 730.3668748716098 567.5014756190558 709.6094668059704 621.1454912256127 694.4731251283902 615.2885243809442 715.2305331940295 561.6445087743873
0 195.8444416709218 708.0141744658478 168.6778331726158 697.8379530305718 172.5855583290782 687.4058255341523 199.7521668273842 697.5820469694282
0 209.86679788665174 724.4154783507141 168.6957765529412 710.8445718836005 172.18320211334827 700.2645216492859 213.3542234470588 713.8354281163996
0 505.7915879254088 815.4357772358308 436.7848202516754 788.7969537778893 442.2984120745912 774.5142227641693 511.30517974832463 801.1530462221108
0 259.0832175377212 844.7361458967054 145.3145160466631 810.9833465900034 152.06678246227872 788.2238541032947 265.83548395333685 821.9766534099966
0 417.9150123251526 600.4309724385258 421.08833783815453 635.2848102356542 406.78778767484744 636.5868275614743 403.6144621618455 601.7329897643459
0 453.51798481947793 602.7727834987231 499.0440458821536 615.863999291289 495.40101518052205 628.533016501277 449.87495411784636 615.4418007087111
