0 725.4949130452293 337.65361671359574 783.2099725225722 358.7212580036587 640.8250869547707 748.7863832864043 583.1100274774277 727.7187419963414
0 814.600469216144 346.8641126201252 856.855509711973 360.3995643191207 784.129530783856 587.4358873798748 741.874490288027 573.9004356808792
0 965.7873748672033 387.5573497106442 978.4169232534438 391.46412684270706 966.2326251327967 430.8526502893558 953.6030767465562 426.9458731572929
0 980.4531532152992 391.77499841059586 990.8715166050144 394.65836524120215 979.8768467847008 434.3850015894041 969.4584833949855 431.5016347587978
0 962.1154382702962 524.3445448844072 1020.2227840350497 528.4187157418185 1008.1345617297038 700.8254551155928 950.0272159649503 696.7512842581816
0 571.9332588070515 268.29246013713 635.350164855174 292.88954181938664 489.88674119294836 667.92753986287 426.46983514482594 643.3304581806134
0 674.4860578800008 288.39397305200055 718.3018138804821 309.55939594185304 610.6739421199993 532.3660269479994 566.858186119518 511.20060405814695
0 1009.4920051667551 441.3370556317808 1022.3205110300122 442.2365206485415 1019.647994833245 480.35294436821926 1006.8194889699879 479.45347935145855
0 387.62786770476504 201.59854544853934 458.63391834612065 229.1391767469909 312.5521322952349 605.7714545514607 241.5460816538793 578.2308232530091
0 874.152243576637 363.3324745437547 920.9255185183475 375.775173255335 851.567756423363 636.4975254562453 804.7944814816525 624.054826744665
0 934.6242677118715 380.17992652687667 948.2855795063678 384.4058654821338 935.6757322881284 425.17007347312335 922.0144204936322 420.94413451786625
0 948.4058317818451 383.5065065026767 965.5159083020847 388.7992734039813 950.524168218155 437.2634934973233 933.4140916979154 431.97072659601866
0 242.2489531716688 135.06645555023388 313.25500381302436 162.60708684868544 171.79104682833122 527.3335444497661 100.78499618697568 499.79291315131456
0 476.17201040772215 235.8769930391141 541.1539983980458 255.97827749621837 421.0279895922779 644.313006960886 356.04600160195423 624.2117225037816
0 107.8224974847675 144.9247681616921 180.7927686050594 166.70003010342532 74.88750251523251 521.5952318383079 1.9172313949406075 499.81996989657466
