0 659.2639263999812 381.7346029745995 659.882526812948 401.8150769114636 652.4060736000189 402.04539702540046 651.7874731870521 381.96492308853635
0 732.2553995751337 686.6974376203115 724.7996240111645 838.1039748330082 695.9346004248664 836.6825623796886 703.3903759888356 685.2760251669919
0 596.9015753601238 379.06878741456734 597.7446455098018 406.4358046565454 589.7784246398762 406.68121258543266 588.9353544901983 379.3141953434546
0 620.6326460242149 378.32706739782464 621.4332239603589 404.31473899356706 612.727353975785 404.58293260217533 611.926776039641 378.5952610064329
0 102.63835276027292 650.6545982108623 160.34567664535004 623.966001956604 166.8016472397271 637.9254017891376 109.09432335464997 664.6139980433959
0 611.4337910135752 374.4667177847774 612.4012586579462 405.87181938240155 601.9662089864249 406.19328221522255 600.9987413420539 374.7881806175984
0 417.37762405859496 141.03846533071263 445.28335127799085 127.79223989262405 451.012375941405 139.86153466928735 423.10664872200914 153.10776010737592
0 211.95105768456617 221.277373291283 237.21348980564946 203.50093879705273 248.95894231543386 220.19262670871703 223.69651019435057 237.9690612029473
0 761.1879526785474 293.7617468096808 784.8767292267773 317.19614230450924 777.8358473214525 324.3134531903192 754.1470707732226 300.87905769549076
0 321.44272135920824 148.72347826282774 350.83014016397453 139.20656090512907 354.56727864079176 150.7465217371723 325.17985983602546 160.26343909487096
0 639.9135509749195 350.6139064047756 641.2899291959058 395.2927110328405 627.5464490250805 395.71609359522444 626.1700708040943 351.03728896715955
0 357.61947413552394 274.3684269218785 378.2121591730402 259.8779568485629 388.3405258644761 274.2715730781215 367.7478408269598 288.76204315143707
