0 373.6134825831233 441.7087632324178 144.78426092116763 278.89508778227776 173.44651741687665 238.61123676758223 402.2757390788323 401.4249122177223
0 699.4174632350082 99.1172285916103 693.1741486477149 108.25866846528938 601.2725367649919 45.492771408389714 607.5158513522852 36.35133153471064
0 171.9844421155556 764.361875513116 139.38418161600126 741.1665502219892 143.86555788444443 734.868124486884 176.46581838399877 758.0634497780109
0 690.4644788301571 672.5371780680422 452.0042879328919 502.87099712074826 486.475521169843 454.42282193195786 724.9357120671082 624.0890028792518
0 995.5522328049228 911.1982272026139 987.4703269299532 923.0317261538173 889.8377671950773 856.351772797386 897.9196730700469 844.5182738461826
0 973.4882750858227 952.2925583366778 964.4588743141363 965.5133760762985 874.6217249141772 904.1574416633223 883.6511256858636 890.9366239237015
0 990.9720697564094 925.6509550588847 982.884524030864 937.4927118600191 891.5279302435906 875.0990449411153 899.615475969136 863.2572881399809
0 160.9224603444704 767.3785453620674 137.85539274281123 750.9661569843668 143.28753965552957 743.3314546379327 166.35460725718875 759.7438430156333
0 187.4449469593076 764.9554780533365 9.019427234428482 638.0044075146964 32.4350530406924 605.0945219466635 210.8605727655715 732.0455924853036
0 981.3056793056304 935.447712896665 971.8358626024882 949.313386137402 850.5765206943696 866.4970871033349 860.0463373975118 852.631413862598
