0 399.51176601684034 14.20016749282237 423.5127843350586 26.391866295226887 420.2882339831596 32.73983250717763 396.28721566494136 20.54813370477311
0 853.9064835161223 234.00224609379495 935.2617530728614 272.3027227925296 926.6535164838776 290.5877539062051 845.2982469271385 252.28727720747042
0 891.1689865518499 189.37044309862122 954.4382703608219 219.1563898906866 947.5210134481501 233.8495569013788 884.2517296391782 204.06361010931343
0 727.9858553238829 168.34097684275417 751.87129923289 179.58577872049653 748.1741446761172 187.4390231572458 724.2887007671101 176.19422127950344
0 747.0298325743892 150.49382444333162 791.5074243382825 171.43300854597618 784.5901674256107 186.1261755566684 740.1125756617174 165.18699145402383
0 866.3258546396531 214.98611194499685 920.4028615503104 240.44451377199167 914.1841453603469 253.65388805500314 860.1071384496896 228.19548622800832
0 963.8308151966327 12.139703940766944 988.7341202058216 11.562209681656773 988.8991848033673 18.680296059233058 963.9958797941784 19.25779031834323
0 839.0984528462516 163.51087520265332 884.6707941226412 184.96544605802774 879.2315471537484 196.51912479734665 833.6592058773588 175.06455394197224
0 951.4896218724807 84.19934721550437 970.3345556108673 83.76234333014803 970.4803781275193 90.05065278449563 951.6354443891328 90.48765666985197
0 757.4598900292996 121.88880129583058 790.6461810362078 137.5122608744514 786.0801099707004 147.21119870416945 752.8938189637921 131.58773912554858
0 1006.8980223657996 64.50653076158963 1020.3444074470357 64.19471631819212 1020.4519776342003 68.83346923841037 1007.0055925529642 69.14528368180788
0 941.0175135363403 14.11006369478878 963.3815012142028 13.591454839859255 963.5124864636597 19.239936305211224 941.1484987857972 19.75854516014075
0 820.9946372804263 62.76757214187597 857.103276159535 79.76681619266 852.8353627195736 88.83242785812402 816.726723840465 71.83318380733999
0 980.487011110827 27.091878898187275 990.9541971183022 26.84915048016706 991.042988889173 30.678121101812728 980.5758028816978 30.92084951983294
0 861.0234882836317 81.19138915792031 912.6848082534916 105.5125326131889 908.0165117163683 115.42861084207969 856.3551917465084 91.10746738681111
0 1005.3231179501863 43.09348733391877 1017.639806738352 42.80786994041266 1017.7568820498136 47.85651266608123 1005.4401932616479 48.142130059587345
0 970.388982293319 60.95933186576824 983.2155340102156 60.66189102496602 983.321017706681 65.21066813423175 970.4944659897844 65.50810897503399
0 916.1088198684736 7.762744851309522 937.8429768696685 7.258741431275192 937.9711801315264 12.787255148690479 916.2370231303314 13.291258568724809
0 891.1595153219929 6.210156419470828 913.5235029998554 5.6915475645413 913.670484678007 12.029843580529171 891.3064970001445 12.5484524354587
0 870.6208057252693 7.842569248643131 889.1378448544456 10.452025492490353 888.3591942747307 15.97743075135687 869.8421551455544 13.367974507509647
0 817.4052039814712 124.32288336213134 884.9630106741058 156.12778321860952 877.0447960185288 172.94711663786865 809.4869893258942 141.14221678139046
0 869.955499653973 15.086350908853474 889.4102694443711 14.635205253201766 889.544500346027 20.423649091146526 870.0897305556289 20.874794746798234
0 998.4301806177381 25.03832857157974 1013.7293616962462 26.88309368590199 1013.039819382262 32.60167142842026 997.7406383037538 30.75690631409801
0 771.6456856678993 18.937242781517842 795.4692809456582 18.38478641079944 795.6443143321006 25.932757218482156 771.8207190543418 26.48521358920056
0 489.6026171353096 54.046793063251265 530.7217465868782 74.93390854493389 525.9573828646903 84.31320693674876 484.8382534131218 63.42609145506612
0 752.4884612628922 179.8893233871127 776.3829526885314 191.1383846595058 772.6815387371079 199.00067661288728 748.7870473114687 187.7516153404942
0 645.4703522376876 134.162051652447 666.957147983195 145.0766111300825 664.2896477623124 150.32794834755302 642.802852016805 139.4133888699175
0 819.7850833613097 214.42039440683064 849.3252251654415 228.32731794123552 845.4449166386903 236.56960559316937 815.9047748345586 222.6626820587645
0 969.0893947642014 49.239757386160825 986.2447827191465 48.841933159491596 986.3906052357986 55.13024261383918 969.2352172808535 55.52806684050841
0 906.9881491877667 168.17320866565078 979.5130425114791 202.31651618534133 971.1518508122334 220.07679133434922 898.626957488521 185.93348381465867
0 915.3111502838057 27.931184404036138 934.3160410194413 27.490471201881007 934.4588497161943 33.64881559596386 915.4539589805587 34.08952879811899
0 1004.1906759530881 55.952846371922455 1019.0366847602521 55.608575406535614 1019.1593240469118 60.89715362807754 1004.3133152397478 61.24142459346438
0 971.074439107896 66.39002393691196 982.2414369783352 66.13106725789707 982.3355608921041 70.18997606308805 971.1685630216649 70.44893274210294
0 778.6076606015243 42.012808002320135 811.4664913143869 60.392681347461604 807.3023393984757 67.83719199767987 774.4435086856132 49.4573186525384
0 968.5917279973469 32.13616987765595 981.148352281386 31.844988508951666 981.248272002653 36.153830122344054 968.6916477186139 36.44501149104834
0 772.3606278592042 34.17323814435747 829.4352839400792 32.849707544092524 829.6893721407957 43.806761855642534 772.6147160599207 45.13029245590748
0 461.417734798596 48.482945597720395 481.076815553303 58.469088190328854 477.852265201404 64.8170544022796 458.193184446697 54.83091180967114
0 792.7725954242753 5.222955708584741 820.5051398223043 4.579852908596137 820.7474045757247 15.027044291415258 793.0148601776957 15.670147091403862
0 968.6022474517343 26.71097679899511 979.8492238207981 26.45016546158084 979.9477525482656 30.699023201004888 968.7007761792019 30.959834538419155
0 971.9132305707217 77.47577834499039 981.8505590248099 77.24533703886614 981.9467694292782 81.39422165500962 972.00944097519 81.62466296113386
0 487.81165940630024 14.179273617490455 685.8461156361976 124.95157270769099 668.6183405936998 155.75072638250955 470.58388436380244 44.97842729230902
0 1005.0438302406334 38.01735465557167 1016.7285824519439 36.6891356373853 1017.1961697593666 40.80264534442832 1005.5114175480561 42.130864362614695
0 916.5791286456803 13.45937925145271 938.0233635893616 12.962098968116171 938.1508713543197 18.46062074854729 916.7066364106385 18.95790103188383
0 794.1833635874243 141.13001591005684 837.3762079895453 161.4643659723077 833.3766364125756 169.95998408994313 790.1837920104547 149.62563402769229
0 791.4841830064025 176.31583661462798 847.0087925782117 202.4557415857284 840.7858169935975 215.67416338537203 785.2612074217883 189.53425841427162
0 940.7068180394406 8.06007175780461 963.0708057173031 7.541462902875082 963.2031819605595 13.249928242195388 940.839194282697 13.768537097124916
0 738.7080396017108 87.12783153609323 810.9886499763537 121.15613540021594 804.4419603982893 135.06216846390677 732.1613500236464 101.03386459978407
0 891.6595153219929 13.300156419470827 914.0235029998554 12.781547564541302 914.170484678007 19.11984358052917 891.8064970001445 19.6384524354587
0 935.875617980957 114.99186539960422 987.536937950817 139.31300885487278 982.864382019043 149.2381346003958 931.203062049183 124.91699114512721
0 786.8358116248878 765.31343634772 709.0797291275437 914.9597347100791 679.4507883751121 899.56456365228 757.2068708724562 749.9182652899208
