0 330.46000000000004 581.55 383.0 581.55 383.0 592.8 330.46000000000004 592.8
0 255.36346481016426 570.2104493555856 263.3870416666519 570.5315637091043 262.2865351898358 598.0295506444144 254.26295833334808 597.7084362908957
0 222.88722933378563 180.02683149169076 258.88483204354225 158.29263955477887 388.3027706662144 372.6431685083092 352.3051679564578 394.3773604452211
0 321.5 558.5600000000001 337.01 558.5600000000001 337.01 565.83 321.5 565.83
0 277.38 567.56 281.22 567.56 281.22 580.3 277.38 580.3
0 215.63 573.6 246.5 573.6 246.5 581.9 215.63 581.9
0 386.6195446834946 513.0755642198525 394.21890842482094 512.2886266575164 398.56045531650534 554.2144357801475 390.961091575179 555.0013733424836
0 290.9570418330674 569.5828985034544 310.5926663235536 566.3499044006729 311.48295816693263 571.7571014965455 291.84733367644645 574.990095599327
0 489.0976685529689 66.39205539388966 523.6315318076026 83.50181543634078 428.5023314470311 275.5079446061103 393.9684681923974 258.3981845636592
0 251.04743420312528 575.0309394757471 254.89435461377005 575.1848984123656 254.1025657968747 594.9690605242529 250.25564538622993 594.8151015876344
0 363.4094206169687 518.5833660805512 371.2077205818899 517.7758280584679 374.29057938303134 547.5466339194489 366.4922794181102 548.3541719415322
0 214.44 582.55 244.0 582.55 244.0 588.8 214.44 588.8
0 284.62 566.34 288.46000000000004 566.34 288.46000000000004 579.08 284.62 579.08
0 291.3066484081472 160.1233589940083 315.8358686099008 145.31340666951104 379.3929515918528 250.58084100599172 354.86373139009925 265.390793330489
0 223.38 565.66 245.8 565.66 245.8 572.93 223.38 572.93
0 336.34999999999997 570.22 383.8 570.22 383.8 581.2 336.34999999999997 581.2
0 374.42152343918326 516.1361967159148 385.78078180645366 514.9599104643601 389.57847656081674 551.6338032840852 378.21921819354634 552.8100895356399
0 340.67999999999995 556.9799999999999 386.49 556.9799999999999 386.49 570.36 340.67999999999995 570.36
