0 563.2039764465508 719.5457352889453 577.6410885428161 719.834516035997 575.6160235534492 821.0742647110546 561.1789114571839 820.7854839640029
0 464.32090832942737 697.6426041696428 485.8181323848856 699.1498725297666 474.6090916705726 859.0173958303573 453.11186761511436 857.5101274702334
0 593.3300620372123 736.0864965035614 606.4874301249446 736.3496789572457 604.8699379627877 817.2135034964385 591.7125698750555 816.9503210427542
0 596.2739774465174 601.8256352956118 610.7210875428495 602.1146160293306 608.6960225534826 703.3543647043882 594.2489124571505 703.0653839706695
0 484.5289003838693 727.0786557851627 498.9435123375292 728.0893299291902 491.8610996161307 829.1013442148374 477.44648766247076 828.0906700708099
0 142.33733934597805 219.2237881791411 153.88992741254984 223.83803881863864 118.52266065402195 312.3862118208589 106.97007258745016 307.77196118136135
0 171.52137057150722 541.5316536252775 190.2254518262562 542.8430820128561 186.9486294284928 589.5783463747224 168.24454817374382 588.2669179871438
0 316.08231555906883 108.86780147979017 345.86459042200755 120.7632209338645 276.0276844409312 295.61219852020986 246.24540957799246 283.71677906613553
0 505.31297456247654 200.03955335061588 539.4933050715933 202.77982820681885 524.0170254375234 395.82044664938417 489.83669492840653 393.0801717931812
0 164.00070930984486 608.0842642165327 184.2110925749763 609.5013063035912 173.19929069015512 766.5557357834674 152.98890742502368 765.138693696409
0 578.2739774465174 718.0856352956118 592.7210875428495 718.3746160293306 590.6960225534826 819.6143647043882 576.2489124571505 819.3253839706695
