0 513.5243791476751 145.70151934013825 517.7014599402233 153.33316372732799 491.4556208523249 167.69848065986173 487.2785400597766 160.066836272672
0 617.1825264792363 306.41328734597306 611.4187537211661 309.35264502977515 601.7874735207637 290.46671265402694 607.5512462788339 287.52735497022485
0 436.07054902599407 187.06167324028996 441.41913293737196 196.83368685790992 417.129450974006 210.12832675971003 411.7808670626281 200.35631314209007
0 477.04188315903764 165.15516638617186 481.85272793390357 173.94471543900414 455.59811684096235 188.31483361382817 450.7872720660964 179.52528456099589
0 353.41181324655867 417.4689179172563 366.30659590034446 415.741295183085 370.6581867534414 448.22108208274375 357.7634040996556 449.94870481691504
0 585.6760741378484 687.7927420465046 601.2299101555818 716.8973496737078 458.34392586215154 793.2572579534954 442.79008984441816 764.1526503262921
0 407.97955123956956 203.35158035550495 412.58874383824343 211.7727051965419 386.3604487604305 226.12841964449507 381.7512561617566 217.70729480345813
0 322.0926319192113 188.8206217119928 326.10647047388983 196.15401792772914 308.0273680807887 206.0493782880072 304.0135295261102 198.71598207227086
0 525.5979503552951 75.00912946518821 529.9478758702937 82.95656603391683 505.2020496447049 96.50087053481178 500.8521241297063 88.55343396608316
0 855.5860447781453 485.6123143894542 873.2672938055917 473.1705366696337 941.2539552218547 569.787685610546 923.5727061944082 582.2294633303665
0 370.1849350285154 223.8842726191448 375.53351893989327 233.65628623676477 351.2350649714846 246.95572738085517 345.8864810601067 237.1837137632352
0 228.9608636136664 503.53328394691584 241.68668339638663 506.51295017952066 232.62913638633358 545.1967160530842 219.90331660361335 542.2170498204794
0 275.3889663403857 149.10150361500817 267.8309232331231 152.67439941376298 257.03103365961425 129.82849638499184 264.5890767668769 126.25560058623702
0 548.2777054572682 125.94903349611948 552.5604135802027 133.77366199424964 526.4022945427319 148.09096650388054 522.1195864197973 140.26633800575038
