0 725.2531635379992 46.83499084909188 730.3901476254782 57.72411360921295 725.4068364620009 60.075009150908116 720.2698523745219 49.18588639078705
0 949.037845982853 309.17800733544703 967.8168692474455 314.5779967083898 966.142154017147 320.401992664553 947.3631307525545 315.00200329161027
0 720.1985788723408 333.3426901631868 738.9348030069247 334.4682145648059 738.5714211276592 340.51730983681324 719.8351969930753 339.3917854351941
0 727.2777199239795 351.1434930087375 749.3040749176598 355.3795980230604 748.0122800760205 362.0965069912625 725.9859250823401 357.8604019769396
0 211.06524063101207 544.0606127510458 106.20665106251782 462.94661214876953 124.68475936898794 439.0593872489542 229.5433489374822 520.1733878512304
0 694.236317566257 334.7596957290228 716.5861226505883 337.68164930367067 715.6436824337432 344.8903042709772 693.2938773494118 341.9683506963293
0 794.5471988826549 19.92623259649227 807.4161149114394 13.009361899125198 809.7028011173451 17.263767403507728 796.8338850885606 24.180638100874802
0 129.36579079866223 809.5120947535493 486.2403385809367 927.776538882785 465.6142092013378 990.0179052464507 108.73966141906338 871.753461117215
0 732.0793910256406 60.38588860686778 738.3128908195002 73.59935069369243 733.1306089743595 76.04411139313223 726.8971091804998 62.83064930630758
0 809.2171988826549 11.946232596492269 822.0861149114394 5.029361899125199 824.372801117345 9.283767403507731 811.5038850885605 16.2006381008748
0 806.5709684112105 354.429079140233 827.7626198050411 358.5046540938259 826.5690315887896 364.710920859767 805.377380194959 360.6353459061741
0 805.6277199239795 342.2234930087375 827.6540749176598 346.4595980230604 826.3622800760205 353.1765069912625 804.3359250823402 348.9404019769396
0 581.0287432275239 102.79580865537689 602.7657087853762 93.00551099203982 605.751256772476 99.63419134462312 584.0142912146238 109.42448900796019
0 775.8841880168981 29.821631917469432 793.4655407844913 20.37188933571401 796.9358119831019 26.828368082530567 779.3544592155087 36.27811066428599
0 790.3688179072343 9.011660970993 802.0926558499531 2.7102544698324436 804.8811820927657 7.8983390290069995 793.1573441500469 14.199745530167556
0 749.602847150146 29.117668097983582 766.2152876910683 20.188702913018286 769.657152849854 26.592331902016422 753.0447123089317 35.52129708698172
0 957.1602644808229 299.30469053631134 974.0844507494755 304.1713135075254 972.409735519177 309.9953094636886 955.4855492505244 305.12868649247457
0 712.8211403993051 21.87986662764299 717.9623910848635 32.778033509657845 713.5488596006948 34.86013337235701 708.4076089151364 23.961966490342157
0 744.1677199239795 342.9334930087375 766.1940749176598 347.1695980230604 764.9022800760205 353.88650699126254 742.8759250823401 349.65040197693963
0 768.250748874815 18.96124052974901 783.7973859663992 10.605130481252854 787.239251125185 17.00875947025099 771.6926140336008 25.364869518747145
0 702.1577199239795 347.3934930087375 724.1840749176598 351.6295980230604 722.8922800760205 358.3465069912625 700.8659250823401 354.1104019769396
0 609.3252159157053 329.30023901510805 633.9455065438317 330.2855762094667 633.6547840842948 337.549760984892 609.0344934561683 336.56442379053334
