0 764.5480961170574 94.1106163368058 803.8616147691364 133.00196821858847 608.7719038829425 330.2093836631942 569.4583852308635 291.3180317814115
0 840.3535014995301 178.406271084975 821.3666476807338 165.4610100963485 825.9464985004698 158.74372891502497 844.9333523192662 171.68898990365147
0 353.6663459838037 842.0140958249295 403.45862824268477 856.3320819770362 398.16365401619635 874.7459041750705 348.3713717573153 860.4279180229638
0 508.1920128295513 396.2709778283039 537.5382960001302 419.52069318295264 436.4479871704487 547.1190221716961 407.1017039998697 523.8693068170473
0 344.3263630364052 859.8601169219575 388.8424509389601 872.6609105634471 384.2936369635948 888.4798830780425 339.7775490610399 875.6790894365528
0 830.3552061170448 147.018244556608 849.1227185835565 156.55150086383742 846.0747938829553 162.55175544339198 827.3072814164435 153.01849913616257
0 357.50711723493544 633.5019893288156 402.4667127255964 643.5558280641512 351.7828827650645 870.2080106711844 306.8232872744036 860.1541719358488
0 826.4324117765258 135.4768302955775 852.6623508152323 148.80074481142972 849.2475882234743 155.5231697044225 823.0176491847677 142.19925518857028
0 829.1034838441768 153.7854379666221 847.8799119935705 163.32322313670528 844.8365161558232 169.3145620333779 826.0600880064295 159.77677686329474
0 833.5805653247587 130.26405551499568 853.9439850271401 140.60797827305362 850.7194346752412 146.95594448500435 830.3560149728598 136.6120217269464
