0 112.85308119064555 415.75822448006085 180.0149203403997 449.8741483576661 171.77691880935444 466.0917755199392 104.6150796596003 431.9758516423339
0 36.57552219907122 369.9967983969003 89.23154529988736 396.74426241138804 83.96447780092879 407.1132016030997 31.308454700112655 380.365737588612
0 874.798967812806 816.6108635232251 880.8455365703833 821.6013150318454 854.3210321871939 853.7391364767748 848.2744634296166 848.7486849681545
0 361.89139573056815 525.2868359592663 394.4302651032961 552.1423396772112 388.33860426943187 559.5231640407336 355.7997348967039 532.6676603227887
0 320.45865418206506 489.70053620613123 352.98981109464296 516.5496745522539 345.28134581793495 525.8894637938688 312.75018890535705 499.0403254477462
0 108.06632636850775 435.17936948221774 171.49249439072344 467.39769982408467 162.73367363149225 484.6406305177823 99.30750560927656 452.4223001759154
0 117.20308119064555 396.4682244800609 184.3649203403997 430.58414835766604 176.12691880935444 446.8017755199391 108.96507965960029 412.68585164233394
0 868.6642446184501 811.6157261293048 874.7108133760273 816.606177637925 846.1557553815499 851.2042738706951 840.1091866239726 846.2138223620749
0 204.85466023438536 458.55473197484736 278.2131578315558 509.8263696538404 263.72533976561465 530.5552680251526 190.3668421684442 479.28363034615955
0 196.13760847364983 421.5567499380919 291.6102095922913 488.28435169059594 277.12239152635016 509.01325006190814 181.64979040770868 442.2856483094041
0 599.2446260582296 773.0656187915279 710.0369171950481 884.8823274027834 690.4453739417704 904.294381208472 579.653082804952 792.4776725972165
0 863.0142446184501 805.8457261293048 869.0608133760273 810.8361776379251 840.5057553815499 845.4342738706952 834.4591866239726 840.4438223620749
0 918.3856807483578 970.0262981268959 933.927156783782 980.2085828724889 905.5943192516422 1023.4537018731041 890.052843216218 1013.2714171275111
0 819.4297672832328 874.993977540452 825.0213008919617 879.6088721115613 811.1002327167672 896.4760224595481 805.5086991080383 891.8611278884388
0 814.5905389783368 870.878783486003 819.4879511735685 874.9207945931126 805.0194610216631 892.4512165139969 800.1220488264314 888.4092054068873
0 829.350960697164 848.8745632852477 835.3975294547413 853.865014793868 820.9290393028359 871.3954367147522 814.8824705452587 866.404985206132
0 876.9960983263419 827.4455383469261 882.8902552428066 832.6151141751824 850.2639016736581 869.8144616530739 844.3697447571934 864.6448858248176
0 42.84334696139703 356.2186626601107 95.49937006221316 382.9661266745984 88.79665303860295 396.1613373398893 36.14062993778683 369.4138733254016
