0 321.7758141154857 230.1486845678512 357.9416835444267 242.1336705273253 355.94418588451435 248.1613154321488 319.7783164555733 236.1763294726747
0 322.72262708248667 242.15749487739595 356.06926731972277 253.20821815184019 353.3073729175133 261.54250512260404 319.9607326802772 250.4917818481598
0 321.3810046288272 236.77728831235518 353.51262353091784 247.42536638921078 352.0089953711728 251.96271168764483 319.87737646908215 241.31463361078923
0 270.4978192688742 221.54677317035342 309.9955050152846 234.6358877575901 307.8721807311258 241.04322682964656 268.3744949847154 227.95411224240988
0 892.2753805573503 483.7205744338035 993.5091124815457 524.1546148045128 985.7346194426497 543.6194255661964 884.5008875184543 503.1853851954872
0 268.22450378494904 228.33885887667637 307.72218953135945 241.42797346391305 304.7054962150509 250.53114112332364 265.2078104686405 237.44202653608696
0 272.6541731352505 212.44073654356953 312.1518588816609 225.5298511308062 309.23582686474947 234.32926345643045 269.73814111833906 221.24014886919377
0 195.04041468827532 186.4999233063793 233.27561732863606 199.1706643679965 230.35958531172466 207.97007669362074 192.12438267136392 195.29933563200353
0 543.2590919577672 349.8926565971459 664.6636213661625 394.2087692326884 651.4209080422329 430.4873434028541 530.0163786338376 386.1712307673116
0 416.4697035900841 304.68614447421214 514.1745051733097 337.0644805584292 507.54029640991587 357.08385552578784 409.83549482669025 324.7055194415708
0 360.634465267529 234.06251017120047 367.48675996132044 235.0281485245386 362.485534732471 270.5174898287995 355.63324003867956 269.5518514754614
0 232.41945089653626 205.7063202086804 265.7091370086875 216.73816948948766 263.45054910346374 223.55367979131958 230.1608629913125 212.52183051051233
