0 154.29993878374495 183.42072461103385 138.6220324144703 200.27669245261023 58.86006121625503 126.08927538896613 74.53796758552967 109.23330754738974
0 520.4784380329811 545.6095482409403 503.6767894608696 563.6736979651666 422.09156196701895 487.79045175905975 438.89321053913045 469.7263020348334
0 421.9576791987018 390.93793787251934 411.9529683140517 401.6944177853237 357.89232080129824 351.4120621274807 367.8970316859483 340.6555822146763
0 427.05038312201253 455.66291639349913 416.12624679867776 467.4079087557444 381.98961687798743 435.6570836065009 392.9137532013222 423.91209124425563
0 488.1513910685304 549.0638538834024 478.1194379486601 559.849623053968 429.9386089314696 515.0361461165975 439.9705620513399 504.25037694603185
0 391.5023173472623 417.6452588871079 380.58499158273264 429.38292893491285 321.64768265273767 374.56474111289214 332.56500841726734 362.8270710650872
0 683.2692787398295 838.9611621045868 698.9576725800636 846.3469524288313 678.3507212601704 890.1188378954131 662.6623274199363 882.7330475711686
0 461.36546085286665 438.87828861507074 455.4607063688696 445.226735234813 419.24453914713337 411.5417113849292 425.14929363113043 405.19326476518694
0 739.5274127127752 827.9089214215055 699.0600113477124 857.5131276557372 549.9525872872248 653.6910785784944 590.4199886522877 624.0868723442627
0 579.0180095211082 728.376936154592 592.4626192365569 734.7063966054728 572.6819904788919 776.7230638454079 559.2373807634432 770.3936033945271
0 166.90359036417115 159.7145937436798 159.8357967530321 167.31347200039255 122.48100963582883 132.56940625632018 129.54880324696788 124.97052799960744
