0 19.56345856492336 742.0638432939382 202.35353316760418 715.7106456369862 207.29654143507665 749.9961567060617 24.506466832395837 776.3493543630137
0 879.2891778678477 459.61970449809576 989.1590647011797 338.71327428352504 1013.6408221321524 360.9602955019043 903.7709352988204 481.866725716475
0 431.03978079078615 86.47276038214478 464.93932684122933 72.41179392980287 469.2802192092139 82.87723961785521 435.3806731587707 96.93820607019713
0 580.8620076305092 397.4941839792663 712.1486004203939 339.9350573908354 725.6479923694908 370.7258160207337 594.3613995796061 428.2849426091646
0 682.2061887270858 389.2938376759238 728.8777253058964 368.8319395877031 734.1538112729141 380.8661623240762 687.4822746941035 401.32806041229685
0 712.2697803714775 984.9905839011956 758.4444267011904 992.9167769549842 756.4802196285225 1004.3594160988043 710.3055732988096 996.4332230450157
0 355.31044524482786 328.43440563572767 475.6561522566319 311.0839329093426 478.9795547551721 334.1355943642724 358.63384774336805 351.48606709065746
0 392.10113488104065 37.276924188309685 430.84464021807815 12.814438742244548 436.89886511895935 22.403075811690314 398.15535978192185 46.86556125775545
0 437.53978079078615 107.68276038214479 471.43932684122933 93.62179392980288 475.7802192092139 104.08723961785522 441.8806731587707 118.14820607019713
0 726.5000625223958 975.1656355438437 758.5019999039492 980.658986418049 756.5699374776042 991.9143644561562 724.5680000960507 986.4210135819509
0 359.0801106721737 20.942174188118727 393.9067320221856 0.3873682940487244 400.23988932782635 11.117825811881275 365.4132679778144 31.672631705951275
