0 317.4929576151031 449.9649347495871 500.28675639384795 369.8238389994307 515.5970423848969 404.74506525041295 332.8032436061521 484.88616100056936
0 728.7487282326579 549.6126926261803 772.0488742555522 534.6270410088488 776.091271767342 546.3073073738198 732.7911257444478 561.2929589911513
0 607.7935195686944 353.79104987467974 658.821531170182 356.856409885909 657.9064804313057 372.08895012532025 606.8784688298181 369.023590114091
0 667.5484532595046 511.3210573521059 710.8391492287055 496.3386762829231 714.8815467404954 508.01894264789416 671.5908507712945 523.001323717077
0 628.7774110448742 824.5735503614736 734.3619049722485 733.2342557391686 749.9525889551259 751.2564496385263 644.3680950277516 842.5957442608313
0 235.35790549295805 141.30931732357004 304.1773830905352 92.88306408014253 318.0520945070419 112.60068267642995 249.23261690946472 161.02693591985746
0 831.0382999702264 277.2199631455258 948.990168023308 225.50709315372941 963.0517000297735 257.5800368544742 845.0998319766919 309.29290684627057
0 858.9284450618745 304.74547502562507 884.8743758169317 293.37016943615697 888.8615549381254 302.46452497437497 862.9156241830683 313.83983056384307
0 917.7856306388345 277.77005607289846 961.1234860334445 258.76972213383635 967.1343693611656 272.47994392710154 923.7965139665556 291.48027786616365
0 589.6937017716195 482.81024542950564 634.7216954329103 458.6082994986771 641.9462982283806 472.0497545704944 596.9183045670898 496.2517005013229
0 922.2850652677969 368.9400519345833 956.959984691003 373.473357901994 955.5249347322031 384.44994806541666 920.850015308997 379.916642098006
0 666.5014984373177 447.80956162597386 701.4523657603186 418.1800278231955 709.4385015626824 427.6004383740261 674.4876342396815 457.2299721768045
0 57.92670814937834 793.7840729575885 94.41161005087882 783.5613515372481 97.94329185062166 796.1659270424116 61.458389949121184 806.3886484627519
0 87.59840809028677 769.9197897921453 122.60638616417765 755.3990642187458 127.62159190971323 767.4902102078548 92.61361383582235 782.0109357812543
0 87.04363334612512 740.7169489550033 124.81244999793137 743.7449167094953 123.76636665387488 756.7930510449967 85.99755000206864 753.7650832905047
0 636.2872840340192 95.32606574588362 683.8365661521996 68.52975685742481 693.2727159659808 85.27393425411637 645.7234338478004 112.07024314257518
0 69.58231009305612 856.2305796885804 182.5500778349713 852.48033284221 183.20768990694384 872.2894203114196 70.2399221650287 876.03966715779
