0 579.8592800307813 755.807681357139 571.2690729489645 764.6807215515428 544.2907199692188 738.5623186428609 552.8809270510355 729.6892784484571
0 972.792085923802 678.3803160210879 944.4235590144535 707.1024952732542 844.2979140761979 608.209683978912 872.6664409855464 579.4875047267457
0 966.86919025604 655.5278346738098 958.5209589039702 663.9801381049651 930.7308097439599 636.5321653261901 939.0790410960298 628.0798618950348
0 480.5535667183807 102.4283499664919 470.9693634446835 108.72945682231104 449.1764332816193 75.5816500335081 458.7606365553165 69.28054317768895
0 889.4828691953702 231.38341580614232 858.3045882921791 249.30090446727203 798.8171308046298 145.7865841938577 829.9954117078208 127.86909553272798
0 64.42555728887845 495.6080414084259 45.43977712440499 502.3580526340674 30.864442711121562 461.36195859157414 49.850222875595016 454.6119473659326
0 810.0744514498804 167.22133552535246 796.0410778220541 175.47377907995076 775.0855485501197 139.83866447464754 789.1189221779459 131.58622092004924
0 969.4415444704387 966.0317625255295 957.3501096110781 990.485711144144 876.4584555295614 950.4882374744705 888.549890388922 926.034288855856
0 134.2215643177365 560.8125959020718 92.78262577512892 575.5453747459286 50.098435682263485 455.48740409792816 91.53737422487107 440.7546252540714
0 643.977590284079 835.1122559880899 615.9881220272118 864.0232792611915 513.0824097159209 764.39774401191 541.0718779727881 735.4867207388085
0 524.8867668214143 191.06418864744555 489.3241084667017 214.44475602178406 411.23323317858564 95.66581135255447 446.7958915332983 72.28524397821596
