0 62.589999999999996 425.53000000000003 175.29999999999998 425.53000000000003 175.29999999999998 445.3 62.589999999999996 445.3
0 79.14 401.36 110.39999999999999 401.36 110.39999999999999 413.73 79.14 413.73
0 751.0699999999999 644.1999999999999 863.78 644.1999999999999 863.78 657.17 751.0699999999999 657.17
0 626.22 416.93 702.02 416.93 702.02 444.09 626.22 444.09
0 86.05 445.63 118.7 445.63 118.7 457.4 86.05 457.4
0 500.50000000000006 631.04 576.4000000000001 631.04 576.4000000000001 650.81 500.50000000000006 650.81
0 794.9225503987313 660.3472207979326 831.6700996637608 661.0822697923793 831.4010496012686 674.5329792020675 794.6535003362392 673.7979302076208
0 201.45 421.33 351.59999999999997 421.33 351.59999999999997 442.09999999999997 201.45 442.09999999999997
0 75.77 414.87 107.02 414.87 107.02 424.5 75.77 424.5
0 761.8530843150548 519.963900578325 790.7458372573393 514.1070403634902 793.2937156849451 526.6760994216751 764.4009627426607 532.5329596365099
