0 211.6804773792336 856.0146836427995 205.28591000824645 842.1591032457931 314.75952262076646 791.6353163572006 321.1540899917536 805.490896754207
0 128.38675570291588 699.1889073623122 140.36924852589925 689.4358378071847 218.46324429708415 785.3810926376877 206.48075147410077 795.1341621928152
0 213.02839571968042 819.1297595896084 206.90819236201918 805.1399057354441 302.8216042803196 763.1802404103915 308.94180763798084 777.1700942645558
0 478.50946615279713 896.7928830775459 492.16902886728576 884.7353233555727 571.3505338472028 974.4371169224542 557.6909711327141 986.4946766444273
0 142.55098753360008 692.4289372822154 155.17720003574695 682.1519164176541 233.42901246639994 778.2910627177846 220.80279996425307 788.5680835823459
0 344.5569365055119 1009.7679990393851 338.0880378681411 994.981080820249 435.62306349448806 952.3120009606148 442.09196213185885 967.098919179751
0 344.7674810313424 599.2229531408723 359.9215886286647 583.8309739657052 493.53251896865754 715.3770468591276 478.37841137133523 730.7690260342947
0 737.2179660446645 195.43278122662736 768.0395431984748 217.43658275617514 627.0920339553354 414.8672187733726 596.2704568015251 392.8634172438248
0 355.5399437706436 1023.5821286892385 349.07104513327283 1008.7952104701023 460.6600562293564 959.9778713107614 467.1289548667272 974.7647895298976
0 708.0812684022301 125.7811942639002 728.9520576521943 154.96654257574295 583.83873159777 258.7388057360998 562.9679423478058 229.55345742425703
0 794.9483943337792 244.76137862972598 824.6238826040282 268.2719080989301 670.2716056662208 463.09862137027403 640.5961173959719 439.5880919010699
0 245.39615279468603 907.4264771164869 238.704066234092 892.9262399644429 351.2738472053139 840.9735228835132 357.96593376590795 855.4737600355572
0 253.9258633756407 922.1822043731748 247.91788378616184 908.4488769813005 361.50413662435926 858.7577956268252 367.5121162138381 872.4911230186996
0 1010.5443886926969 195.02945047566314 1023.312843629896 205.1453122044887 999.4856113073031 235.22054952433686 986.717156370104 225.1046877955113
0 286.8153889116155 997.673144241461 280.34649027424473 982.8862260223249 419.48461108838444 922.016855758539 425.9535097257552 936.8037739776752
0 205.73582290362745 840.1943691265529 199.47602934667302 826.2664157728003 294.9741770963725 783.345630873447 301.233970653327 797.2735842271996
0 396.9037403207248 1023.7815778354623 390.434841683354 1008.9946596163261 464.0762596792752 976.7784221645377 470.545158316646 991.5653403836739
0 489.2264546118404 878.9747333064247 502.886017326329 866.9171735844516 590.2735453881596 965.9152666935754 576.613982673671 977.9728264155485
0 261.8635146359633 955.0446939309996 255.27838423868928 939.9920875902061 373.1064853640367 888.4453060690004 379.69161576131074 903.4979124097939
0 102.187208961628 692.9051504981605 114.81342146377487 682.6281296335992 211.83279103837197 801.8248495018395 199.2065785362251 812.1018703664008
0 167.99304616606935 646.8784255089585 180.03758425933353 637.0748546228014 277.05695383393066 756.2715744910416 265.0124157406665 766.0751453771987
0 174.32560469384563 679.748210614043 186.308097516829 669.9951410589156 264.0043953061544 765.451789385957 252.02190248317098 775.2048589410845
0 300.8712313253874 974.2471886271445 294.4023326880166 959.4602704080083 406.1287686746126 910.5828113728554 412.5976673119834 925.3697295919916
0 147.4268825982046 672.4806168412038 160.05309510035147 662.2035959766424 255.7531174017954 779.7793831587962 243.12690489964854 790.0564040233576
0 330.4869365055119 998.5579990393852 324.0180378681411 983.771080820249 421.5530634944881 941.1020009606149 428.02196213185886 955.888919179751
0 235.77538947121158 877.2338748629037 230.12671527980226 864.9944761897945 327.32461052878847 820.1361251370962 332.9732847201978 832.3755238102054
0 234.48047737923355 895.0346836427995 228.0859100082464 881.179103245793 337.5595226207664 830.6553163572006 343.95408999175356 844.510896754207
0 981.4517123490824 236.83756422133465 998.8682297649549 250.63587285328705 926.7282876509177 341.6924357786653 909.3117702350452 327.8941271467129
0 440.38141396317945 1022.2528798822718 433.91251532580867 1007.4659616631357 485.3185860368206 984.9771201177282 491.7874846741914 999.7640383368644
0 242.46093044834652 945.2829246242743 236.29263119003565 931.1831308577002 378.5090695516535 868.9670753757257 384.6773688099644 883.0668691422998
0 298.1472364349323 957.6991402907241 292.52402405065027 944.8453321981293 389.36276356506767 902.4808597092759 394.9859759493497 915.3346678018708
0 579.8160403408408 207.3740913195428 568.7255992220566 220.2978297798639 512.6139596591593 172.14590868045718 523.7044007779434 159.2221702201361
0 309.3380405824822 334.9084157516411 325.30454799665677 325.4849216548048 403.42195941751777 457.8415842483589 387.4554520033432 467.2650783451952
0 217.8747098694936 871.5567328351543 211.48014249850647 857.7011524381479 307.22529013050644 813.5132671648456 313.6198575014936 827.368847561852
