0 72.42999999999998 314.82 197.6 314.82 197.6 331.3 72.42999999999998 331.3
0 97.63000000000001 363.26 202.85000000000002 363.26 202.85000000000002 377.78 97.63000000000001 377.78
0 95.66000000000001 348.06 200.88 348.06 200.88 362.58 95.66000000000001 362.58
0 85.67999999999999 331.88 190.89999999999998 331.88 190.89999999999998 346.4 85.67999999999999 346.4
0 226.27890193006675 168.69428107535146 329.9221809301644 164.21562970379796 330.3810980699332 174.83571892464852 226.73781906983555 179.31437029620201
0 536.8988751485222 377.5474017677212 707.3690269533927 351.2276858949309 709.9111248514778 367.6925982322788 539.4409730466073 394.0123141050691
0 598.56 167.57999999999998 840.3 167.57999999999998 840.3 203.7 598.56 203.7
0 76.44999999999999 755.2199999999999 215.2 755.2199999999999 215.2 777.9 76.44999999999999 777.9
0 297.23 362.43 419.29999999999995 362.43 419.29999999999995 378.03000000000003 297.23 378.03000000000003
0 272.45000000000005 345.8 425.5 345.8 425.5 361.40000000000003 272.45000000000005 361.40000000000003
0 335.05 161.79 418.59999999999997 161.79 418.59999999999997 172.4 335.05 172.4
0 552.1221663730955 358.31876112781464 701.057477851987 335.3239139944765 703.4378336269044 350.7412388721853 554.502522148013 373.7360860055234
0 231.45000000000002 254.36 345.40000000000003 254.36 345.40000000000003 270.6 231.45000000000002 270.6
0 842.5439125101176 244.50456186434639 845.0024850012773 362.70899630445405 828.3460874898825 363.05543813565356 825.8875149987228 244.8510036955459
