0 215.18 396.1 365.44 396.1 365.44 412.78 215.18 412.78
0 410.01865528524667 595.5934871956683 486.61831490672415 558.2902414136481 493.9213447147534 573.2865128043318 417.3216850932759 610.589758586352
0 322.95827724780236 529.9214487901415 407.4134132537714 519.4648718065741 409.4617227521976 536.0085512098585 325.00658674622855 546.4651281934259
0 584.9356359180953 513.7496378782914 668.2576513334592 509.31394772659513 669.1443640819047 525.9703621217086 585.8223486665407 530.4060522734048
0 210.71999999999997 428.94 361.8 428.94 361.8 445.59999999999997 210.71999999999997 445.59999999999997
0 182.7 343.05 356.07 343.05 356.07 360.56 182.7 360.56
0 204.44 360.82000000000005 354.7 360.82000000000005 354.7 377.5 204.44 377.5
0 210.31 413.13 360.58 413.13 360.58 428.20000000000005 210.31 428.20000000000005
0 207.88 378.67 358.14 378.67 358.14 395.34999999999997 207.88 395.34999999999997
0 764.0 644.5 843.9000000000001 644.5 843.9000000000001 655.8399999999999 764.0 655.8399999999999
