0 458.9622810058054 196.0123446588442 607.3938854967446 185.1298960260512 608.5477189941946 200.8676553411558 460.1161145032553 211.7501039739488
0 398.32623230625546 107.28923732734643 581.1455390269036 93.88561131862988 582.6437676937446 114.32076267265359 399.82446097309634 127.72438868137013
0 308.548156082541 631.3958078301349 350.27452870632385 630.8456009043131 353.521843917459 877.1141921698651 311.7954712936762 877.6643990956869
0 459.7926325131385 164.95194632455141 607.3964587891516 154.13018728636447 608.5473674868614 169.82805367544856 460.94354121084837 180.6498127136355
0 16.24185500151394 727.1618414135669 28.71836761443909 726.2471102948662 31.14814499848606 759.3881585864331 18.671632385560912 760.3028897051338
0 415.0562456905029 126.36960292731393 597.8855256426563 112.96524571866237 599.3837543094972 133.40039707268605 416.5544743573438 146.8047542813376
0 426.6546132660503 146.26973813851694 597.3364972449481 133.75598245071077 598.5853867339497 150.79026186148306 427.90350275505193 163.30401754928923
0 456.47267333845485 181.1020029580111 606.5897539537622 170.09598153620095 607.627326661545 184.24799704198892 457.5102460462378 195.25401846379907
0 69.52020288649288 378.6866386598448 133.5378796393409 372.05741071325394 171.9597971135071 743.0933613401552 107.94212036065909 749.722589286746
0 190.81 551.24 258.06 551.24 258.06 928.6500000000001 190.81 928.6500000000001
