0 575.8805928046553 416.36944850523724 592.0032674432351 423.9596897727134 528.8194071953448 558.1705514947628 512.6967325567649 550.5803102272866
0 896.4192452987169 931.0349047134124 909.8437211755473 923.9915356734999 957.920754701283 1015.6250952865877 944.4962788244526 1022.6684643265002
0 36.71856653556699 53.83325200175072 288.8405924239767 160.42873484189766 271.071433464433 202.45674799824928 18.949407576023273 95.86126515810237
0 759.5446023473287 737.6088170162795 778.6288005686351 727.8380965592262 845.5153976526713 858.4811829837204 826.4311994313648 868.2519034407737
0 717.2683710299224 620.6726589916397 755.1663370654127 599.811887903954 906.2116289700776 874.2173410083604 868.3136629345873 895.0781120960461
0 759.6667601368243 542.535055709573 815.0914267021816 513.455605300066 964.5632398631757 798.3449442904271 909.1385732978184 827.424394699934
0 906.8723046389575 917.5568975210086 921.872827566418 909.4943165507033 971.4176953610424 1001.6731024789914 956.417172433582 1009.7356834492967
0 654.6249791085327 874.9295939666586 670.5211082745238 871.6545401444866 695.0850208914674 990.8804060333414 679.1888917254762 994.1554598555133
0 212.23129435567748 929.3699696086802 310.1889694407191 971.9454319306964 303.95870564432255 986.2800303913199 206.00103055928096 943.7045680693037
0 729.3646266554349 242.65725476397498 772.7273002423253 276.3112387687967 765.3453733445651 285.822745236025 721.9826997576747 252.16876123120326
