0 439.8477462869302 349.79501817047367 447.9180921410445 347.00197005148607 457.7722537130698 375.4749818295263 449.7019078589555 378.2680299485139
0 614.1946613436924 797.3125177576158 751.6708190069257 746.6329708559929 757.3053386563076 761.9174822423843 619.8291809930743 812.5970291440071
0 767.6836747332372 635.8774901794084 839.7329624170245 603.4265958271897 846.1763252667627 617.7325098205915 774.1270375829754 650.1834041728102
0 445.6596581138227 340.95563038591223 456.26261835775273 337.28607536307373 471.1403418861773 380.2743696140878 460.5373816422472 383.9439246369263
0 355.3107723185693 98.7990439977102 367.9030520776869 93.42776943126721 394.35922768143064 155.4509560022898 381.7669479223131 160.82223056873278
0 903.5100279781828 574.141045023878 999.9153698469596 519.8119951595165 1008.349972021817 534.7789549761221 911.9446301530403 589.1080048404835
0 243.23611548627116 60.386257127610634 251.8357952227816 57.31337814049587 263.53788451372884 90.06254287238937 254.9382047772184 93.13542185950413
0 887.7178207210045 560.4969720336122 994.0285370434954 500.5857669464259 1003.8721792789954 518.0530279663877 897.5614629565046 577.964233053574
0 381.4917079645405 168.09749984237234 398.61669392569127 161.58925462339138 417.3882920354595 210.98250015762764 400.26330607430873 217.4907453766086
0 222.71051787679752 63.772859629421326 229.20408214749548 61.07943744522614 242.11948212320246 92.21714037057868 235.6259178525045 94.91056255477386
0 221.46896856624 117.74663285915958 228.32238537120958 115.06329946627673 238.65103143376 141.44336714084042 231.79761462879043 144.12670053372327
0 366.3844398882223 452.50964081923547 371.8574685611857 449.9784637916611 379.16556011177767 465.7803591807645 373.6925314388142 468.31153620833885
0 34.572373629168425 579.3100075055792 49.70487489679981 576.5065265648317 69.91762637083157 685.6099924944209 54.78512510320019 688.4134734351684
0 734.8251290494685 630.137253306567 846.2744871004003 581.2752364628547 853.2048709505315 597.082746693433 741.7555128995997 645.9447635371454
