0 589.0167365052768 737.05056386755 748.9401036638052 651.0938873573539 756.9032634947233 665.9094361324501 596.9798963361949 751.8661126426462
0 516.70876174044 946.3304792401512 632.9344472219123 882.3545545937512 639.80123825956 894.8295207598488 523.5755527780877 958.8054454062489
0 799.9784594519905 787.636803980937 908.4931332001003 732.079503098503 915.6115405480094 745.9831960190629 807.0968667998997 801.5404969014969
0 675.4534325127394 901.7102419575913 767.9103200709066 854.3742002657004 774.8965674872605 868.0197580424087 682.4396799290934 915.3557997342996
0 307.65903209749877 235.84147737654365 454.626941067644 160.5969039313901 466.7309679025012 184.23852262345633 319.763058932356 259.4830960686099
0 803.7393788752865 766.9732747381131 895.9381312896021 719.7693929777774 903.5806211247134 734.696725261887 811.3818687103978 781.9006070222226
0 803.5093002304578 853.4334789194904 842.8704590619024 833.2813679768178 846.8306997695421 841.0165210805096 807.4695409380976 861.1686320231822
0 816.4516574947961 796.2127253440416 908.6504099091117 749.0088435837059 916.2883425052039 763.9272746559585 824.0895900908884 811.1311564162942
0 542.942855800545 956.6525682909315 644.1140297666689 904.8549895992948 649.537144199455 915.4474317090684 548.3659702333312 967.2450104007052
0 529.7606975412223 786.7642045187494 622.2886318664207 738.2179227918058 630.0893024587776 753.0857954812506 537.5613681335792 801.6320772081941
0 537.7830205521194 801.8636321163341 630.3109548773178 753.3173503893905 638.1069794478807 768.1763678836659 545.5790451226823 816.7226496106094
0 503.13675611361055 926.8543486907191 515.2885865556867 933.1807233956375 469.62324388638945 1020.8956513092809 457.47141344431327 1014.5692766043625
0 525.4802694420255 984.1223220033612 649.1270033469548 920.8177147883755 656.5097305579745 935.2376779966387 532.8629966530452 998.5422852116244
0 492.2026179218455 923.9569409342142 502.06600146315117 929.0919253662356 456.0173820781545 1017.5430590657858 446.15399853684886 1012.4080746337644
0 821.8216574947961 810.9027253440415 914.0204099091117 763.6988435837059 921.6583425052039 778.6172746559585 829.4595900908884 825.8211564162941
0 356.2726545015287 928.1402276679781 366.9785854613492 922.5231873188658 416.0173454984713 1015.989772332022 405.31141453865075 1021.6068126811343
0 844.4150691870523 816.2950411506614 946.5742776692978 763.9916089278992 953.1549308129477 776.8449588493387 850.9957223307022 829.1483910721009
0 670.7561309267066 888.3519971565532 713.3217260266542 866.5592801669872 719.4238690732934 878.4780028434467 676.8582739733458 900.2707198330128
