0 410.4475075361235 282.9984560645158 456.13862929540454 277.3413373298102 457.4324924638765 287.7915439354842 411.74137070459545 293.4486626701898
0 450.21 341.21 473.46999999999997 341.21 473.46999999999997 348.05 450.21 348.05
0 767.5877565439052 275.26755868572764 780.9448509340805 267.38415019371416 839.7222434560947 366.9724413142724 826.3651490659195 374.85584980628585
0 451.57 334.65000000000003 470.72999999999996 334.65000000000003 470.72999999999996 341.3 451.57 341.3
0 559.157399613049 338.8575684548687 595.4832452012728 320.2594760177255 599.4526003869508 328.0124315451313 563.1267547987271 346.6105239822745
0 510.9100441509074 323.06594827011736 524.6284315748937 319.80775145509597 525.7699558490926 324.6140517298826 512.0515684251064 327.872248544904
0 564.6358370965856 346.16018783379195 592.5119914898983 331.5345112258469 596.2241629034143 338.60981216620803 568.3480085101016 353.23548877415305
0 449.62 328.2 475.23 328.2 475.23 334.54 449.62 334.54
0 522.7178477363957 316.3500983008236 554.2157769539983 299.8241987790763 558.3321522636043 307.66990169917636 526.8342230460016 324.19580122092367
0 600.6197279748493 529.2029699931574 705.6116088503908 478.07300470648704 712.1002720251507 491.39703000684267 607.1083911496092 542.5269952935129
0 558.9217052311818 507.50969131672025 706.9151086977225 437.2605281160833 722.3182947688182 469.71030868327983 574.3248913022775 539.9594718839168
