0 395.2530604856815 524.1019260843076 452.4943748985359 487.1542763039936 456.7569395143185 493.7580739156923 399.5156251014641 530.7057236960064
0 447.0703476375515 807.3413319618702 599.719492672147 704.4285119625764 611.9896523624484 722.6286680381298 459.340507327853 825.5414880374236
0 300.5658335493312 935.0097390990188 314.26353372914167 932.8948845451498 318.75416645066883 961.9802609009812 305.0564662708584 964.0951154548502
0 828.3183651964921 685.984882771708 865.832574516435 662.819991252439 875.4316348035079 678.3651172282919 837.917425483565 701.5300087475609
0 784.6723628491361 720.5098990015391 814.2055496374151 702.273260656476 820.5576371508639 712.5601009984608 791.024450362585 730.7967393435239
0 478.84931597606436 470.4266578470004 536.8244828463463 431.34102843716545 541.4306840239357 438.1733421529996 483.4555171536536 477.2589715628346
0 632.1064836136233 423.37357819858823 704.5708748703695 377.61986796882434 709.7335163863767 385.7964218014117 637.2691251296304 431.5501320311756
0 427.3340425596499 782.1543247115558 576.9697110893633 685.5687320816726 592.0459574403501 708.9256752884442 442.4102889106367 805.5112679183273
0 721.6668108095231 759.7189392964876 770.3467133059386 728.2974388081359 778.9531891904768 741.6310607035123 730.2732866940613 773.052561191864
0 672.1660762215913 777.9419419658152 694.9679707270732 758.2164227847932 699.0439237784087 762.9280580341847 676.2420292729269 782.6535772152067
0 538.7632532317688 440.33756373236093 612.2169483131403 393.9592112509188 621.7467467682312 409.05243626763905 548.2930516868597 455.43078874908116
0 648.2417879625829 800.9542572364262 703.1822135464628 763.9145861166369 715.3182120374171 781.9157427635737 660.3777864535372 818.955413883363
0 819.7433394336729 669.5362564290488 852.2630282567216 649.4554636445973 861.9566605663272 665.1537435709513 829.4369717432785 685.2345363554027
0 261.1793159760644 631.9666578470005 319.1544828463464 592.8810284371655 323.76068402393565 599.7133421529995 265.78551715365364 638.7989715628346
0 685.9029049162915 709.3695258453021 704.8780138099081 692.9544918070982 709.6670950837084 698.4904741546978 690.6919861900918 714.9055081929017
0 658.1643683550359 780.5587317441846 668.2181019925246 764.0724180280615 673.5456316449641 767.3212682558155 663.4918980074755 783.8075819719386
0 590.7110345975696 677.6439737153848 687.303998059157 613.9186427259863 694.9089654024303 625.4460262846151 598.3160019408429 689.1713572740136
0 738.854918158742 930.5764557414325 836.9876867397107 867.2345286264951 844.965081841258 879.5935442585676 746.8323132602892 942.9354713735049
