0 153.96305229702662 96.7622034102626 175.2734498763975 89.8609748957773 231.53694770297338 263.5977965897374 210.2265501236025 270.4990251042227
0 367.14573069547305 415.2469740520236 381.3470586805337 410.8043753237189 425.934269304527 553.3330259479765 411.73294131946636 557.7756246762812
0 343.7570560318718 407.7673421841677 362.11952581900664 402.023014258591 417.04294396812816 577.5926578158322 398.6804741809933 583.336985741409
0 677.7467540614682 688.6642301447197 691.5745704852025 694.1872359342791 623.5032459385318 864.6157698552803 609.6754295147975 859.0927640657209
0 867.9778331050833 23.11887721123847 894.8765692615178 40.36012116828877 796.0321668949167 194.57112278876153 769.1334307384822 177.32987883171123
0 751.4977796567404 180.0605630327965 764.0336851769065 188.0956842384453 701.6522203432597 285.4194369672035 689.1163148230936 277.3843157615547
0 844.7732799840019 31.201182237176845 857.3007664944164 39.230907122338316 776.7067200159981 164.96881776282314 764.1792335055836 156.93909287766166
0 463.532268071895 210.87235282981777 476.226358205361 218.65516566859532 387.097731928105 364.0276471701822 374.403641794639 356.24483433140466
0 890.3213983188413 48.393698251920796 905.5429679497751 58.15024569303095 813.0986016811588 202.3763017480792 797.877032050225 192.61975430696904
0 1005.1752089777735 77.71938931186439 1021.6006970031895 88.24761058266414 925.2547910222265 238.56061068813557 908.8293029968106 228.03238941733582
0 550.0662564281344 27.79306057885678 569.7936738685913 39.88804305631224 473.95374357186563 196.2069394211432 454.22632613140865 184.11195694368774
0 6.085691129653888 140.10054370586568 29.81138064793413 128.25140631607366 99.9143088703461 268.61945629413435 76.18861935206587 280.4685936839264
0 438.18966721483395 220.3177668814106 450.87523210307944 228.09535284789882 372.43033278516606 356.0422331185894 359.74476789692056 348.2646471521012
0 562.3237713005456 53.52572375721955 575.0178614340116 61.30853659599707 504.36622869945444 176.54427624278043 491.6721385659884 168.76146340400294
0 89.63129764817145 308.16813671789134 117.68455594487241 293.44953967406354 203.46870235182857 456.95186328210866 175.4154440551276 471.67046032593646
0 423.39226202588327 3.6341601807233133 450.7456247089053 21.16680544408996 361.9977379741167 159.62583981927668 334.64437529109466 142.09319455591003
0 258.18694028707927 772.8874796311628 269.9874999994385 760.9016884401298 376.41305971292076 865.6825203688371 364.6125000005615 877.6683115598702
0 25.019414302716218 63.67198157100627 34.095106814965476 69.48921505635845 12.860585697283785 102.61801842899372 3.78489318503453 96.80078494364155
0 158.85310603989865 320.5978799262281 171.08275067469845 314.4901232098458 233.19689396010136 438.86212007377196 220.96724932530157 444.9698767901542
0 65.92655084440558 0.527425541641211 78.73186467662369 8.735229002884882 39.74344915559442 69.5625744583588 26.93813532337631 61.354770997115125
0 538.898455291153 13.655058972833373 551.5925454246191 21.43787181161089 463.79154470884697 164.64494102716662 451.09745457538094 156.86212818838914
0 180.654717162121 108.35465938569786 197.97892876570776 102.74433031209173 243.95528283787903 244.71534061430214 226.63107123429225 250.32566968790826
0 291.0461280487257 214.63716035586478 296.8262443082891 218.18097976801462 283.29387195127435 240.2528396441352 277.5137556917109 236.70902023198536
