0 509.906552830887 651.6741208341655 719.3650015798917 623.6112067363631 723.343447169113 653.3058791658345 513.8849984201084 681.3687932636369
0 447.7841481676135 437.98295108882127 628.9114150741037 411.86948362498 631.3158518323863 428.5470489111787 450.18858492589624 454.66051637502
0 455.0900966183927 453.5210054003233 576.445365445741 436.0249821995496 578.7599033816072 452.0789945996767 457.40463455425885 469.57501780045044
0 325.7961456217027 689.089307174632 454.0293573791317 671.9088227992022 456.06905437829727 687.1328928253679 327.8358426208683 704.3133772007977
0 757.5907752069712 616.3765505533571 905.7291251408202 595.0191588849794 908.1792247930288 612.013449446643 760.0408748591798 633.3708411150207
0 840.5517176776149 385.5105690799161 1001.5432277817214 363.9411793250018 1004.7182823223851 387.6394309200839 843.7267722182786 409.20882067499815
0 454.7393382956172 469.9642032722262 498.44742630977345 463.66272391045993 499.3806617043828 470.1357967277738 455.67257369022656 476.4372760895401
0 5.3380765381087185 731.7038143929658 153.38524679145092 711.8686869676653 155.67192346189125 728.9361856070343 7.624753208549056 748.7713130323348
0 247.6321006312747 464.48570267284765 428.57533823889446 440.24321179273215 431.7078993687253 463.62429732715236 250.7646617611056 487.86678820726786
0 769.5546891203957 632.6146093301604 872.4949813807895 616.7211569253263 874.7853108796043 631.5553906698397 771.8450186192105 647.4488430746737
0 303.6842412677115 620.5867153569674 341.37131788217425 612.4284155184217 343.75575873228854 623.4432846430326 306.0686821178258 631.6015844815782
0 513.9074620686124 636.6004971736207 568.443595437725 628.7379176257647 570.6525379313875 644.0595028263793 516.116404562275 651.9220823742354
