0 659.2636660225036 865.1700221681962 672.0194291175725 864.234817451315 680.3463339774963 977.8099778318038 667.5905708824274 978.745182548685
0 514.8860270088408 691.9893831209018 528.8424347092591 687.4696946250314 540.7439729911594 724.2206168790982 526.787565290741 728.7403053749687
0 238.25930394886907 648.4331441413882 376.9276193609126 587.6376969369632 385.0906960511309 606.2568558586119 246.42238063908744 667.0523030630369
0 679.2054651710874 987.0274904397914 826.4313103706821 968.7991332657347 828.4845348289126 985.3825095602086 681.2586896293179 1003.6108667342654
0 695.192840599413 546.5177894723552 862.1574409454394 467.2634228337169 869.087159400587 481.862210527645 702.1225590545606 561.1165771662832
0 852.6649744389221 965.8119002624287 1001.3499079537718 950.4151166475062 1003.035025561078 966.6880997375713 854.3500920462283 982.0848833524938
0 388.64500539803066 660.9815745667142 474.32514110139687 619.2562303997363 480.73499460196933 632.4184254332858 395.05485889860313 674.1437696002638
0 231.45462525689362 734.1734556776094 337.2574366013957 685.2415641180169 343.4153747431064 698.5565443223907 237.61256339860438 747.4884358819832
0 628.3111964699059 639.3512463452628 647.5588950719103 635.9840964337798 673.308803530094 783.1787536547372 654.0611049280895 786.5459035662202
0 738.0092935182948 569.4377465533792 845.8815087391412 519.5487930331119 853.0007064817052 534.942253446621 745.1284912608588 584.8312069668882
0 124.8990623622563 787.0715361154747 223.94908211026615 741.2626888486108 228.83093763774372 751.8184638845254 129.78091788973387 797.6273111513893
0 110.97684040998952 775.2039260668131 215.51804149654475 726.855506492018 222.42315959001047 741.7860739331869 117.88195850345521 790.134493507982
