0 538.5561696863339 658.9511660297494 552.7064856990941 665.6128592633816 504.1238303136662 768.8088339702506 489.973514300906 762.1471407366184
0 509.6269317781058 601.6124462087 527.4867296100679 610.0204912491029 464.7330682218942 743.3175537913 446.87327038993215 734.9095087508972
0 120.73064509637281 94.98085300419334 189.4813417134162 104.66933145394268 187.33935490362717 119.86914699580666 118.5886582865838 110.18066854605732
0 410.40252539864133 449.8133954673373 425.2238847033664 456.97292815880803 360.35747460135866 591.2566045326627 345.53611529663357 584.0970718411919
0 405.73553073060674 370.3271836099696 419.7464876432144 377.0952473207404 354.9844692693933 511.1628163900304 340.97351235678565 504.3947526792596
0 419.4491924782929 505.7560734187903 430.8128349099837 511.24533845927414 382.5708075217071 611.1139265812095 371.2071650900163 605.6246615407257
0 511.7040410090105 548.3631170908884 529.5638388409726 556.7711621312912 450.61595899098955 724.4668829091115 432.7561611590275 716.0588378687087
0 392.351919713786 361.5180471075413 406.64201522812294 368.42095013388655 341.45808028621394 503.3619528924587 327.167984771877 496.45904986611345
0 350.969836559804 329.36281955247046 363.6211183478591 335.4740853067333 299.320163440196 468.5871804475296 286.66888165214084 462.47591469326676
0 376.7445108985068 356.60085598276044 391.5658702032319 363.7603886742313 327.59548910149323 496.1891440172395 312.77412979676814 489.02961132576866
0 515.4961610812297 638.5615466469354 525.9731853413169 643.4939256523998 476.6238389187703 748.3184533530647 466.14681465868307 743.3860743476004
0 512.4537479219975 65.6718421954007 591.6955938673511 136.5867591816939 582.9062520780024 146.4081578045993 503.6644061326488 75.49324081830608
0 422.8280834933542 461.54864630240775 437.64043832705573 468.7038293385375 372.9219165066458 602.6813536975923 358.10956167294427 595.5261706614625
0 535.487823004992 626.3958929796937 549.6471865343846 633.0618456079766 485.262176995008 769.8241070203063 471.10281346561555 763.1581543920234
0 464.1439746582001 452.14860247333013 478.9653339629252 459.3081351648009 398.93602534179996 624.98139752667 384.11466603707487 617.8218648351992
0 357.6940131340186 349.333030810431 372.5063679677201 356.48821384656077 308.53598686598144 488.916969189569 293.7236320322799 481.76178615343923
0 127.79679228888503 541.6717997745894 176.41223041181232 533.6672962849387 178.113207711115 543.9982002254106 129.4977695881877 552.0027037150613
0 464.3027952751105 489.533758219962 479.11515010881203 496.68894125609177 429.2072047248895 600.006241780038 414.39484989118796 592.8510587439082
