0 835.1479836178555 326.06942954766475 850.8976535237643 329.2620456935414 821.2820163821445 475.3605704523352 805.5323464762357 472.16795430645857
0 975.7025031265482 318.33302770747605 992.0893085544888 322.16988942857324 958.1274968734517 467.2169722925239 941.7406914455112 463.3801105714267
0 874.1407825719889 328.84024585514663 890.3412831037047 332.12424989318896 856.6092174280111 498.52975414485337 840.4087168962953 495.24575010681104
0 15.086961659410484 557.2381737736097 201.29061441372903 494.8733070540442 212.40303834058955 528.0518262263903 26.199385586270985 590.4166929459558
0 852.5542992807085 318.51889187532703 875.0370265763867 323.07636632376574 838.8057007192914 501.811108124673 816.3229734236132 497.2536336762343
0 1004.1361764387079 287.4735437944291 1020.5132452026983 291.3081257402909 978.943823561292 468.846456205571 962.5667547973017 465.01187425970915
0 889.7158810122152 355.9590512473746 905.9163815439309 359.2430552854169 876.3941189877847 504.88094875262544 860.193618456069 501.5969447145831
0 45.000844107954386 534.8856762464019 149.74525363870134 500.96490573547214 153.35915589204564 512.124323753598 48.61474636129868 546.0450942645278
0 962.6892536308005 308.1671694683236 976.7782063665284 311.46600423387775 942.9007463691994 456.15283053167644 928.8117936334716 452.8539957661223
0 269.8664748743696 5.439541803280427 285.11397902637736 1.0024236918814822 306.17352512563036 73.37045819671957 290.9260209736226 77.80757630811851
