0 766.804966748181 77.0666587774267 785.3057294388075 72.27981431942327 815.685033251819 189.69334122257328 797.1842705611925 194.4801856805767
0 920.7169677634705 770.958956733671 946.1403257149858 764.1090099843067 969.7730322365295 851.821043266329 944.3496742850142 858.6709900156933
0 467.4177376153701 161.95117802833585 479.3617914649805 158.73302985934095 517.4722623846299 300.17882197166415 505.5282085350195 303.39697014065905
0 907.7150335809569 427.22235780481043 954.9308472734143 475.8375800850711 941.8749664190431 488.5176421951896 894.6591527265856 439.9024199149289
0 853.2931875029516 235.4319486610825 959.5867020910092 261.4437470710038 956.6368124970485 273.49805133891755 850.3432979089908 247.48625292899615
0 423.88126864056284 5.162323864173743 438.8958229947619 1.1168748724299462 468.8087313594372 112.13767613582625 453.79417700523817 116.18312512757005
0 878.4287008974021 558.2826113212918 920.1440527599813 547.9332239490257 959.3912991025978 706.1273886787083 917.6759472400187 716.4767760509744
0 543.3520466596776 437.44570983670343 554.425585109592 434.34301001263594 585.6279533403224 545.7042901632965 574.554414890408 548.806989987364
0 946.452146074336 764.7234473743608 974.5694337138395 757.1476612239055 1005.3278539256639 871.3065526256391 977.2105662861604 878.8823387760945
0 835.9048399649752 501.6114093683256 890.9998431880175 445.65158878379424 903.1851600350248 457.6485906316744 848.0901568119824 513.6084112162057
