0 177.31667654194572 99.99258089575713 324.9875734693668 92.13124508999451 325.8833234580543 108.95741910424286 178.21242653063317 116.81875491000548
0 145.95101031620672 536.1190524371518 268.3890973535724 647.9159881850983 235.3489896837933 684.1009475628482 112.91090264642762 572.3040118149017
0 311.3973917994856 675.942011930819 475.6918767456443 825.9575865098486 437.1226082005144 868.1979880691811 272.82812325435566 718.1824134901515
0 270.4266694719202 183.96231509457354 418.08758053939226 176.1015108911781 418.98333052807976 192.92768490542645 271.3224194606077 200.7884891088219
0 277.62978326713625 203.21342474176004 415.5644667441763 195.87040124399164 416.4602167328638 212.69657525824 278.52553325582375 220.0395987560084
0 351.43592128184173 627.9108660130044 511.8203853784818 780.348514172616 472.4140787181583 821.8091339869957 312.02961462151825 669.371485827384
0 863.1641124892416 614.5103875949337 1014.9486249428513 713.954811165187 1004.4758875107585 729.9396124050663 852.6913750571488 630.495188834813
0 627.6137670785708 397.6112303168259 781.3566795230654 494.0002777915494 772.0662329214292 508.818769683174 618.3233204769347 412.4297222084505
0 752.1587897633477 754.3757718248928 835.4245774813636 828.8917848402059 824.3612102366523 841.2542281751073 741.0954225186364 766.7382151597942
0 273.244420310015 220.11157695214385 420.91531723743617 212.25024114638123 421.735579689985 227.65842304785613 274.06468276256385 235.51975885361875
0 820.1354357815322 678.934641995597 955.3547828310324 799.9448059633679 943.6845642184677 812.9853580044031 808.4652171689676 691.9751940366322
0 36.117877059842975 436.375688367577 124.4239473127271 517.0070368400707 90.64212294015702 554.004311632423 2.336052687272904 473.3729631599293
