0 728.9173659526164 547.2991736853376 767.0679599715154 527.766847249269 887.7026340473835 763.3908263146625 849.5520400284845 782.9231527507311
0 659.8236726012732 371.8437081622534 675.1282873241099 362.18043914056466 703.6963273987268 407.4262918377466 688.3917126758901 417.0895608594353
0 685.5340664494722 443.1536831673442 699.0639084720403 436.2266798582391 719.8859335505279 476.89631683265577 706.3560915279597 483.82332014176086
0 627.0433908840522 394.5320528419118 641.7410172376589 383.96844647051734 672.9766091159478 427.4279471580882 658.2789827623411 437.9915535294827
0 700.7140664494722 435.8636831673442 714.2439084720403 428.93667985823913 735.0659335505278 469.6063168326558 721.5360915279597 476.5333201417609
0 705.3940664494722 484.5036831673442 718.9239084720404 477.5766798582391 739.7459335505279 518.2463168326558 726.2160915279597 525.1733201417609
0 722.0117878299627 477.60423256141576 735.5416298525308 470.67722925231067 756.3682121700374 511.3557674385843 742.8383701474693 518.2827707476894
0 645.9110031899413 384.2644803681311 661.215617912778 374.60121134644237 689.7889968100587 419.8555196318689 674.484382087222 429.51878865355764
0 183.31989555650767 187.31074583586405 212.21990479021179 171.7773763916058 320.3901044434923 373.029254164136 291.4900952097882 388.56262360839423
0 691.2040664494722 496.25368316734415 704.7339084720403 489.3266798582391 725.5559335505278 529.9963168326558 712.0260915279597 536.9233201417608
0 310.3349332687839 421.27732111037585 371.34383933633734 390.04200487313506 558.145066731216 754.9026788896242 497.1361606636627 786.137995126865
