0 295.46262452010996 559.2818729890711 307.6036277000201 570.8213071946728 227.02737547989005 655.598127010929 214.88637229997988 644.0586928053273
0 492.822846093435 325.23073112650684 750.7636757280713 196.40934001697323 769.3371539065652 233.59926887349323 511.3963242719287 362.4206599830268
0 616.1604901253264 655.8855584244332 665.8040088095416 700.3124135083794 410.0795098746736 986.0644415755669 360.43599119045837 941.6375864916206
0 39.817640764075605 806.5727581791 55.84376496155702 821.8048113304942 16.692359235924393 862.9972418209 0.6662350384429772 847.7651886695057
0 714.8381227003042 677.810936401275 763.656813669279 652.1974182501946 936.2518772996957 981.1590635987251 887.4331863307209 1006.7725817498055
0 166.5617345161825 669.9539997116849 185.2262617927608 687.6937269232817 77.14826548381751 801.406000288315 58.48373820723921 783.6662730767182
0 277.9490939465119 540.3681424497056 296.6136212230902 558.1078696613024 206.2409060534881 653.1918575502943 187.57637877690976 635.4521303386975
0 447.2843805464373 358.4871309320244 467.60228946282825 378.5868567327721 327.63561945356264 520.0728690679755 307.3177105371717 499.97314326722784
0 463.22641358037214 379.5961484964013 478.99884517409424 394.58707914200687 358.3135864196278 521.5638515035987 342.5411548259057 506.5729208579931
0 174.97048632922147 700.7803579635158 197.0199977759598 721.7373483237789 97.4295136707785 826.5196420364841 75.38000222404017 805.5626516762211
