0 334.2182983704599 799.7396096416842 354.97998266248584 814.2503424060294 274.3317016295401 929.6403903583159 253.57001733751412 915.1296575939707
0 419.51820856029394 672.9086997710941 435.7800252343483 684.2743901794876 354.5817914397061 800.4513002289058 338.31997476565175 789.0856098205123
0 510.6416180774111 600.1624315820202 525.7805169670172 610.743293570076 475.4483819225889 682.7575684179799 460.3094830329829 672.176706429924
0 450.4067131865633 692.6511663841046 464.15221044583205 702.2581536899896 394.62328681343666 801.7388336158955 380.8777895541679 792.1318463100105
0 397.57000000000005 392.49 715.12 392.49 715.12 464.29999999999995 397.57000000000005 464.29999999999995
0 483.1623438776416 578.884366871269 495.5800113480006 587.5633088917913 441.74765612235836 664.585633128731 429.3299886519994 655.9066911082087
0 353.12891300850094 818.3205874573651 369.5382663257675 829.7893940085768 288.1910869914991 946.1794125426349 271.78173367423256 934.7106059914232
0 775.4433482474401 60.621486040764495 812.7493829533998 81.00186568682918 696.18665175256 294.36851395923554 658.8806170466003 273.9881343131708
0 435.70333899262766 684.2082409859522 449.4488362518964 693.8152282918372 382.6066610073723 789.4517590140479 368.86116374810354 779.8447717081629
0 496.01448241471167 588.4633333419309 511.1533813043177 599.0441953299868 460.8155175852884 671.066666658069 445.67661869568235 660.4858046700132
