0 58.876330509867394 350.5379703855802 147.93050080490167 326.543644950948 152.17366949013262 342.29202961441985 63.119499195098335 366.286355049052
0 252.68773062675913 222.8240538376674 330.98351925356826 213.92408286546618 332.8922693732409 230.7159461623326 254.59648074643175 239.61591713453385
0 400.2704665365196 685.390602012149 436.05559969550734 676.5124746874526 438.6995334634804 687.169397987851 402.9144003044927 696.0475253125474
0 568.8562474307206 245.99373935039176 649.5887524566532 214.3843636489048 654.6637525692794 227.3462606496082 573.9312475433468 258.95563635109517
0 823.9411987335999 278.8100058060618 887.6385315302258 250.12081978421915 894.5788012664001 265.52999419393825 830.8814684697742 294.21918021578085
0 226.57077558738678 400.1280171999574 298.75606515321334 364.9745241971593 304.5792244126132 376.93198280004253 232.39393484678664 412.0854758028406
0 872.5324211581295 830.9125849086319 949.5825821986695 794.3385943740064 955.7575788418704 807.3474150913681 878.7074178013305 843.9214056259935
0 558.6409026464482 228.16133467893033 649.8770138626062 192.43945888617728 656.9790973535517 210.57866532106968 565.7429861373937 246.30054111382273
0 897.1578848871981 870.296932365656 963.5209383522944 838.7958731011047 970.502115112802 853.503067634344 904.1390616477057 885.0041268988953
0 542.8114404431909 475.81414911175176 635.5687269387087 437.33997333125654 642.5685595568092 454.2158508882482 549.8112730612914 492.6900266687434
0 3.3486319680924224 560.8217901003628 73.15593567010511 535.8779080878338 78.00136803190757 549.4382098996372 8.194064329894882 574.3820919121662
0 70.90479662803479 383.1609700491877 159.95896692306908 359.16664461455554 165.30520337196523 379.00902995081225 76.25103307693094 403.0033553854444
0 342.28798784754406 499.2498951664937 418.7718568166183 471.92031069249396 424.83201215245595 488.8801048335063 348.3481431833817 516.2096893075061
0 861.2674591887235 812.9369767189096 947.6044727969354 771.9547246917768 956.6225408112766 790.9530232810905 870.2855272030647 831.9352753082233
0 880.0648933491485 843.4705399217042 953.6641033382772 808.5346387743724 960.3451066508516 822.6094600782957 886.7458966617229 857.5453612256275
0 543.0386595915875 194.4893157826009 631.4998819383418 159.85389834729227 637.6613404084126 175.5906842173991 549.2001180616583 210.2261016527077
0 887.8430971607692 857.1204448752886 958.1630002607297 823.741157465097 964.9169028392308 837.9695551247113 894.5969997392702 871.3488425349029
0 533.6218557094378 178.80139911043238 620.8166858204913 144.6618150194608 626.9781442905621 160.3986008895676 539.7833141795086 194.5381849805392
0 218.30451745363297 383.7904512316032 291.9282982799568 347.9364277915841 299.7654825463671 364.02954876839686 226.14170172004327 399.88357220841596
0 547.7557543184735 210.78327959172518 639.1780996869402 174.98848713068728 646.4442456815266 193.5467204082748 555.0219003130599 229.3415128693127
0 6.003718168718894 576.1858887119246 81.5929838932644 549.1759681784605 86.56628183128109 563.0941112880754 10.977016106735586 590.1040318215395
0 65.44063392261938 366.0838723029579 154.48514855568953 342.0921484432401 159.1393660773806 359.36612769704215 70.09485144431048 383.35785155675995
0 742.7393236181819 551.0317748140267 827.2474289880903 507.76534756623505 836.9406763818182 526.6982251859733 752.4325710119098 569.964652433765
0 849.9280465259452 549.4421261673865 939.4322717322874 515.4265977985315 946.3419534740548 533.6078738326134 856.8377282677126 567.6234022014685
0 814.4656307679512 301.87872402539597 903.4832460117901 261.78531962641944 910.7643692320488 277.9512759746041 821.7467539882099 318.0446803735806
0 732.1193236181819 532.1417748140267 816.6274289880903 488.87534756623506 826.3206763818182 507.80822518597336 741.8125710119098 551.074652433765
