0 325.21577920711417 604.1147594157528 407.90803735820435 561.7780089278674 415.9242207928858 577.4352405842471 333.23196264179563 619.7719910721326
0 335.9968875485188 638.5560800323874 422.4543583150999 594.2916174394024 431.1131124514812 611.2039199676126 344.6556416849001 655.4683825605975
0 681.2987098646562 131.80843062590063 763.3303422918083 87.71752247766003 772.4912901353438 104.76156937409937 690.4596577081917 148.85247752233997
0 805.6778623141001 669.3339613619673 890.6964465460387 633.0690301584373 897.0721376858999 648.0160386380326 812.0535534539613 684.2809698415626
0 747.125909682372 412.8701142125776 814.6257951943156 369.30084688026534 825.114090317628 385.54988578742234 757.6142048056844 429.1191531197346
0 882.1147757901127 80.2264031632633 968.8529273638748 41.15966588502265 976.7952242098874 58.79359683673671 890.0570726361253 97.86033411497736
0 574.4976316815753 340.7771162550054 646.9794306133579 314.05724867276166 653.6723683184248 332.2128837449946 581.1905693866422 358.93275132723835
0 22.072659432724468 644.8546104872037 107.16329109939537 609.5604352940229 114.06734056727552 626.2053895127963 28.976708900604617 661.499564705977
0 673.4561447024082 113.78360539180075 757.9629074540562 68.36234771175991 767.1238552975917 85.40639460819925 682.6170925459437 130.82765228824007
0 823.8743720694368 699.0592554093676 897.6160132884621 667.6045379519726 903.995627930563 682.5607445906323 830.2539867115378 714.0154620480273
0 101.35802035679113 245.88324797679854 170.95659586630393 210.25019608607988 178.31197964320887 224.61675202320146 108.7134041336961 260.2498039139201
0 669.9599230797162 937.9204373374354 780.5480413147527 878.4807990037983 792.6300769202837 900.9595626625647 682.0419586852472 960.3992009962018
0 568.192855507966 689.652631489874 649.0224153366073 658.9338561577081 654.1771444920339 672.4973685101261 573.3475846633926 703.216143842292
0 13.647006641303218 630.7281750843127 100.99145008898451 594.4991563449815 106.95299335869679 608.8718249156872 19.60854991101549 645.1008436550184
0 134.8774722598562 924.0588462656742 259.8088168810778 873.6976595130413 268.14252774014375 894.3711537343258 143.21118311892215 944.7323404869587
0 430.1934618077981 919.4344231915942 540.1164863687554 881.3914071259459 547.4065381922019 902.4555768084059 437.48351363124465 940.4985928740542
0 797.2659005629803 655.0043622824352 882.2844847949189 618.7394310789051 888.6640994370198 633.6956377175649 803.6455152050812 669.9605689210949
0 558.9050293442675 708.8635488599381 664.6368613347569 668.6808186896907 671.3049706557325 686.2264511400618 565.5731386652432 726.4091813103092
0 327.8860100965396 377.6461169752155 415.36178445486337 344.4014888315345 421.39398990346035 360.2738830247845 333.9182155451366 393.51851116846547
0 336.9345859041916 618.5763792286274 412.6037879001461 579.8352903268498 420.6154140958084 595.4836207713726 344.9462120998539 634.2247096731502
0 108.4567310315434 261.04230933348083 187.25915960114523 220.69707229696309 194.4732689684566 234.78769066651915 115.67084039885478 275.1329277030369
0 237.39370985699313 139.80358137533506 306.1740846944099 113.66402443141489 312.20629014300687 129.53641862466492 243.4259153055901 155.6759755685851
0 560.8391642548552 675.5139068111204 631.5919037417277 648.6247648556254 637.0308357451447 662.9360931888797 566.2780962582722 689.8252351443747
0 562.5379356428765 728.7572236986498 669.5504025005481 688.0877961512188 676.2220643571235 705.6427763013503 569.2095974994519 746.3122038487813
0 813.01763576555 684.5061323097008 903.7666730945889 645.7968592107039 910.14236423445 660.7438676902992 819.3933269054112 699.4531407892961
0 322.22329014579395 586.4234746591885 388.85776210694155 552.3079833618463 396.53670985420604 567.3065253408115 329.90223789305844 601.4220166381538
0 170.8697294388258 934.0901590102942 255.17751879345866 900.1047701772256 261.7502705611742 916.4098409897058 177.44248120654134 950.3952298227744
0 345.8600652961633 655.396480774091 421.4313539616913 616.705521501524 429.3199347038366 632.113519225909 353.74864603830866 670.804478498476
0 662.7456000010051 98.4638081149579 751.3834521554594 50.82214498860277 760.5443999989949 67.86619188504211 671.9065478445406 115.50785501139724
