0 413.1018538822703 660.2687878038171 492.2708726044643 599.685270453263 503.70814611772965 614.631212196183 424.5391273955357 675.2147295467371
0 447.5922948502987 693.0015830120184 523.2243065835489 661.6306856518614 528.5077051497015 674.3684169879815 452.8756934164511 705.7393143481385
0 435.09203152213183 678.3837633415909 523.572617793847 641.6834915031758 530.5379684778682 658.476236658409 442.05738220615297 695.1765084968241
0 19.95905227834277 940.9012956281185 86.51706267951236 887.8244819385441 98.25094772165723 902.5387043718815 31.692937320487626 955.615518061456
0 467.30641818049673 718.5497709215351 557.2002552821078 681.2633062037717 563.8935818195033 697.4002290784649 473.9997447178922 734.6866937962284
0 34.39717080881293 978.7479745027372 111.39274069377925 917.3477088836923 120.58282919118707 928.8720254972627 43.587259306220744 990.2722911163075
0 41.06548750622845 991.7214852264533 132.64550408964098 925.900295913422 144.01451249377155 941.7185147735468 52.43449591035903 1007.539704086578
0 433.54311722154273 668.2733381725175 488.33960926519194 626.3407200845625 499.7768827784573 641.2866618274825 444.9803907348081 683.2192799154375
0 460.8165091386436 703.1212149431332 533.2063572033093 673.0951130120694 539.3134908613564 687.8187850568669 466.92364279669073 717.8448869879306
0 31.842613793646716 956.6463674926307 90.61350116420842 909.779410074032 102.34738620635328 924.4936325073694 43.576498835791575 971.3605899259682
0 910.2689205290885 933.0282206106413 991.1771431162877 927.9091955296083 992.3610794709116 946.6217793893588 911.4528568837125 951.7408044703918
0 513.6279309384611 716.9623210073584 603.3097192611629 692.7988932032964 607.8520690615389 709.6576789926415 518.1702807388372 733.8211067967035
0 901.1062932447387 622.3121125979585 982.6182351558932 591.3340021670012 989.5137067552612 609.4778874020415 908.0017648441067 640.4559978329987
