0 650.4639274611872 588.7267210399544 672.6685233896052 604.916418988208 575.4360725388129 738.2732789600456 553.2314766103949 722.083581011792
0 439.6975670075347 425.9329226463744 463.8771335473038 433.4125390769729 425.3324329924653 558.0170773536257 401.1528664526962 550.5374609230272
0 705.5737138817361 275.0259892917689 728.1953785417458 268.19684673870455 749.6162861182639 339.15401070823106 726.9946214582543 345.9831532612954
0 331.804872820787 763.2285513851205 339.63606501996713 765.8237255102035 330.26512717921304 794.1014486148795 322.4339349800329 791.5062744897964
0 438.5992044857277 811.3397417601666 495.59955647659274 790.9721014226734 502.13079551427234 809.2502582398333 445.1304435234073 829.6178985773265
0 393.33553356167533 564.2862019644351 426.59674261128407 575.308614248424 376.68446643832465 725.9237980355649 343.4232573887159 714.9013857515761
0 687.9156066537224 586.7204318708899 715.1387366763153 606.9892451507295 604.4843933462777 755.60956812911 577.2612633236848 735.3407548492704
0 319.6538171686785 862.2061527633689 368.8218409741483 852.5876583351981 372.8861828313215 873.363847236631 323.71815902585166 882.9823416648019
0 318.4244795589359 804.7373344522634 339.8532931063952 812.3174960566241 315.76552044106415 880.4126655477367 294.33670689360486 872.832503943376
0 525.9640409138902 807.5546697500066 562.2084854347519 796.613013505444 565.3759590861097 807.1053302499935 529.131514565248 818.0469864945561
0 751.0425615252074 259.81796826669455 770.4838433777091 254.37070657557098 786.4074384747927 311.20203173330543 766.9661566222909 316.649293424429
0 507.9224866354025 825.7476483445259 451.80557458467024 845.069001348143 446.28751336459754 829.042351655474 502.4044254153298 809.7209986518569
0 469.0899742587307 355.35665527394843 478.64758630818466 360.211596253212 464.83002574126925 387.41334472605155 455.2724136918153 382.558403746788
0 491.9255656057764 282.00918257418334 513.3439642632591 289.3455167370431 490.0744343942236 357.2808174258166 468.6560357367409 349.94448326295685
0 535.5442266409115 795.3222807879972 557.3234425112126 788.7474609368667 559.2857733590885 795.2477192120027 537.5065574887873 801.8225390631333
0 729.1351258232118 267.25111363664524 751.6673692778201 260.93779399462977 771.0848741767883 330.23888636335477 748.55263072218 336.55220600537024
