0 984.6136042947847 550.9260001796043 1003.923226532905 562.2398363557687 950.7663957052154 652.9639998203958 931.4567734670951 641.6501636442314
0 693.9517284031336 295.10403789964886 770.4747827998066 252.9822543927291 779.0582715968663 268.5759621003511 702.5352172001934 310.69774560727086
0 459.8845961593614 660.1821330527943 477.14558963152353 656.2644673761473 494.6954038406386 733.5878669472057 477.4344103684765 737.5055326238527
0 768.123738104046 509.2917271272306 841.3969727256608 475.4041779670187 847.2862618959541 488.1382728727694 774.0130272743393 522.0258220329813
0 757.5546204452754 493.83631808920984 830.0506830083976 461.18419698132675 837.3153795547245 477.31368191079014 764.8193169916022 509.9658030186732
0 702.9579234735829 311.0539706814586 777.4965196265971 269.0478844136584 786.4220765264172 284.88602931854143 711.883480373403 326.8921155863417
0 697.2461279570222 527.6748284860761 710.801863345827 542.2026961227494 637.0438720429778 611.025171513924 623.488136654173 596.4973038772506
0 382.8230975415269 353.7587993841019 456.8669276228871 313.0016941522203 465.81690245847307 329.2612006158981 391.7730723771129 370.0183058477797
0 250.30323704937518 465.31069832719817 320.0199919662331 438.0143435547607 326.8267629506248 455.39930167280187 257.1100080337669 482.6956564452393
0 254.63295324558675 483.83840924700525 325.4737557858162 455.2817095872718 331.86704675441325 471.1415907529948 261.0262442141838 499.6982904127282
0 45.84334665061469 624.4830586557582 153.94062409605502 554.7093228457595 164.97665334938532 571.8069413442417 56.879375903944975 641.5806771542404
0 1003.5591795466527 563.2703618097694 1019.7972086137405 572.7844992912446 966.6808204533473 663.4396381902307 950.4427913862595 653.9255007087554
