0 439.8122814216963 430.91792634869705 458.5442656320797 425.8708710149459 481.4277185783037 510.802073651303 462.6957343679203 515.8491289850541
0 662.759295766314 312.73034667984103 723.0691513579967 365.6261850653926 711.7607042336859 378.51965332015897 651.4508486420033 325.6238149346074
0 638.5544030666398 341.2009447704669 651.5028054709134 326.0633995541182 713.7855969333601 379.3390552295331 700.8371945290866 394.4766004458818
0 17.0 586.6999999999999 35.65 586.6999999999999 35.65 674.66 17.0 674.66
0 787.971758459326 361.28963846043587 804.1030001138612 355.7068127706094 831.4382415406741 434.69036153956415 815.3069998861389 440.2731872293906
0 641.9758166757807 540.6407252390777 660.5274181057065 546.1767603171074 632.6041833242192 639.7492747609224 614.0525818942934 634.2132396828927
0 813.36354407774 590.3571856879657 895.807349024996 534.7753188083907 906.64645592226 550.8528143120343 824.202650975004 606.4346811916093
0 797.7653825984845 627.5560276741312 907.965099308317 548.3523248751292 922.0246174015155 567.9139723258688 811.824900691683 647.1176751248709
0 801.6377775419069 349.6915625278535 825.6976142451563 341.36474694126986 858.6222224580931 436.4984374721466 834.5623857548437 444.8252530587302
0 456.005822627474 417.75070588466986 475.73234002016136 412.43568833474535 502.224177372526 510.75929411533014 482.49765997983866 516.0743116652546
0 434.66419459117975 611.5836444288151 448.4210069334288 617.5627843485814 418.95580540882025 685.356355571185 405.1989930665712 679.3772156514186
0 271.78668250354326 403.1518529484353 290.1990065367577 388.4689096571223 352.5033174964567 466.5981470515647 334.0909934632423 481.2810903428777
0 67.72122392736352 440.9525858816628 131.87152031433982 525.1988414273136 112.10877607263649 540.2474141183371 47.9584796856602 456.00115857268645
0 41.22656772373925 475.290863476284 55.7291487504515 464.64590018073216 109.56343227626074 537.989136523716 95.06085124954849 548.6340998192678
0 35.24 585.0699999999999 55.1 585.0699999999999 55.1 679.52 35.24 679.52
0 255.44342614677376 418.15416661203574 272.67775731775464 404.6903362102164 337.2265738532262 487.3158333879643 319.9922426822453 500.7796637897836
0 278.17709929635043 515.3749350523383 300.27285395196054 516.9241691208647 292.8729007036495 622.4650649476616 270.7771460480394 620.9158308791352
0 550.7724921693925 723.9211381391104 650.6384648875694 688.2365477245861 658.3575078306076 709.8388618608896 558.4915351124307 745.5234522754139
