0 714.8080143213963 256.142371827414 733.4171103838528 261.69556403894995 730.6919856786037 270.827628172586 712.0828896161472 265.2744359610501
0 151.29683514723155 184.33074391359202 177.75763949572053 193.39422741779646 118.15316485276844 367.409256086408 91.69236050427946 358.34577258220355
0 665.6355327069003 268.5165309197665 683.7315591783937 272.944930850104 662.6544672930996 359.0734690802335 644.5584408216063 354.645069149896
0 582.8738286328626 421.3753732646063 598.9715866505685 428.56419005204657 579.4561713671374 472.2646267353937 563.3584133494314 465.0758099479534
0 792.5892210242719 534.5158464384232 807.2928776503688 539.3884824623668 780.6207789757282 619.8741535615769 765.9171223496312 615.0015175376333
0 896.2029151787297 322.46407053719776 923.4080022609724 331.4795481644557 866.3770848212703 503.5759294628022 839.1719977390276 494.56045183554426
0 831.8582577203209 264.52948711086844 859.393543371073 270.97669147644353 857.7817422796792 277.86051288913154 830.2464566289271 271.41330852355645
0 769.5341831090152 281.2012779914477 777.0246273375278 282.48706384435684 773.4058168909849 303.5687220085523 765.9153726624722 302.28293615564314
0 763.0314157196251 280.6889743901338 770.7636846105529 285.1161764183215 758.0385842803748 307.34102560986616 750.306315389447 302.91382358167846
0 569.6839291847822 373.7266810034789 594.9336553045417 381.2615221349913 592.6860708152177 388.79331899652107 567.4363446954582 381.2584778650087
0 742.0485786995656 270.30835293703154 749.8473458231111 272.38299299080126 743.6414213004344 295.71164706296844 735.8426541768889 293.6370070091987
0 569.6217881734991 421.1299756312186 581.3701059137799 426.23616112269906 567.008211826501 459.28002436878137 555.2598940862202 454.1738388773009
0 492.2535945287964 217.13489742370822 502.41748583254105 219.73016495628818 494.8964054712036 249.18510257629177 484.73251416745893 246.58983504371182
0 830.220498864645 271.4256407069031 856.1940763121883 277.7818089375646 854.6395011353549 284.13435929309685 828.6659236878116 277.7781910624353
0 944.2567463553294 366.0792773760154 998.4059413710938 373.1585979044769 995.6732536446707 394.0607226239846 941.5240586289062 386.9814020955231
0 633.5825471183668 378.403122837198 658.6276518407456 385.60495103877884 608.8974528816332 558.546877162802 583.8523481592545 551.3450489612212
0 859.5399004088677 312.66698319511795 874.2508588507342 317.7058522866581 848.3500995911324 393.32301680488206 833.6391411492659 388.2841477133419
0 794.3176917133333 272.5827515720797 800.9032778204539 275.3670927195866 793.6523082866668 292.5172484279203 787.0667221795461 289.73290728041343
0 877.6050513228727 562.5577125919702 899.8852691958716 557.2660312399142 912.8949486771273 612.0422874080297 890.6147308041284 617.3339687600857
0 226.48138543998047 176.38567199524542 278.59307838412667 193.07848058143063 273.31861456001957 209.5443280047546 221.2069216158733 192.85151941856938
0 801.73 276.62 806.52 276.62 806.52 290.40999999999997 801.73 290.40999999999997
0 835.7851336799166 513.8548553426597 850.355837299168 518.5222524802443 826.0548663200833 594.3851446573403 811.4841627008319 589.7177475197557
