0 240.39588495420395 462.5027775787438 264.55450959767694 472.4332989817608 262.1441150457961 478.29722242125615 237.98549040232308 468.36670101823916
0 452.7092203173866 443.6551582972194 756.6258478749936 534.347766011469 741.9507796826134 583.5248417027806 438.0341521250064 492.832233988531
0 238.1073548771257 469.232269673518 259.6392377906039 478.0830559775852 257.2326451228743 483.937730326482 235.70076220939606 475.08694402241474
0 264.6369186447529 476.7693487943539 292.02347590712793 488.0267277661507 289.6130813552471 493.89065120564607 262.22652409287207 482.63327223384925
0 209.06722633951932 452.21685659719213 235.42396603022019 461.2446953682732 233.37277366048068 467.2331434028079 207.0160339697798 458.20530463172685
0 210.43343513499264 461.0104505950439 231.8518337924753 468.34678475790366 229.82656486500736 474.2595494049561 208.4081662075247 466.9232152420963
0 107.40013287610256 608.2157176068105 121.31751279262718 611.1821019816206 111.46986712389744 657.3842823931894 97.55248720737282 654.4178980183793
0 270.49925581920127 471.9126451282187 292.03113873267955 480.7634314322859 289.62074418079874 486.6273548717813 268.08886126732045 477.77656856771404
0 210.74722633951933 445.5668565971921 237.1039660302202 454.59469536827316 235.05277366048068 460.5831434028079 208.69603396977982 451.5553046317268
0 244.14501770267728 456.1889733396532 271.5315749650523 467.44635231145 269.12498229732273 473.3010266603468 241.73842503494765 462.04364768855
0 201.51449695711202 440.9455760840978 209.13496144392562 441.3269171456331 207.835503042888 467.2944239159022 200.2150385560744 466.9130828543669
