0 882.5225008909299 674.2755206979281 929.757552202045 657.3972646376495 937.2174991090701 678.2744793020719 889.982447797955 695.1527353623504
0 798.781079449796 485.8068250651332 847.3905974006144 460.9197427815656 857.2889205502039 480.25317493486676 808.6794025993855 505.14025721843433
0 419.6180411182786 156.5268995079843 454.9314922951082 140.6217724735445 545.1919588817213 341.0231004920157 509.8785077048917 356.9282275264555
0 389.20704929868384 173.83432472511373 420.736590783186 159.6334651110954 510.9929507013162 360.0256752748863 479.46340921681406 374.2265348889046
0 387.1418076511911 387.27601662393755 402.98319265741685 379.56142518404096 423.6181923488089 421.9339833760625 407.77680734258314 429.6485748159591
0 864.1520943560098 435.8684126300109 901.0570953142566 424.7273442668866 982.9779056439903 696.0915873699892 946.0729046857435 707.2326557331135
0 414.2260342478434 354.9870559224131 433.3579680124565 345.6700011073733 470.9939657521566 422.95294407758695 451.8620319875435 432.26999889262675
0 359.9360342478434 239.43705592241312 379.0679680124565 230.12000110737333 416.7039657521566 307.40294407758694 397.5720319875435 316.71999889262673
0 507.8568548539316 427.57649350996223 523.6982398601573 419.86190207006564 543.3831451460684 460.2835064900378 527.5417601398427 467.9980979299344
0 396.73771869064876 366.2343620499858 415.8606618848838 356.92168555017867 453.49228130935126 434.19563795001415 434.3693381151162 443.5083144498213
