0 347.1644212367204 443.0242905491775 385.432488743459 437.89719494838187 410.3455787632796 623.8457094508224 372.077511256541 628.972805051618
0 579.6971134658095 317.6150153952705 605.940548087842 312.7530981562483 624.9728865341906 415.4849846047295 598.7294519121581 420.3469018437517
0 343.7311746218127 352.4864738112638 352.65564490503476 350.9252466772804 357.6288253781873 379.3535261887362 348.70435509496525 380.9147533227196
0 622.0765461749719 673.0442517065499 676.5201196115378 662.957913845004 733.5934538250282 971.0257482934501 679.1498803884623 981.112086154996
0 352.17 346.19000000000005 383.52000000000004 346.19000000000005 383.52000000000004 356.5 352.17 356.5
0 453.8474242230089 330.55274584634134 509.9735575849813 319.5730712685552 513.5425757769912 337.81725415365867 457.4164424150187 348.7969287314448
0 391.862865731394 342.6235523607252 446.6129347627501 331.34348405145766 450.017134268606 347.8664476392748 395.2670652372499 359.14651594854234
0 597.8506010472419 458.0952742545258 642.8571184026963 450.22193344307954 675.0793989527582 634.4147257454742 630.0728815973038 642.2880665569205
0 381.81310236341955 729.7714171017924 423.42011373210784 723.347508247688 466.4068976365805 1001.7685828982076 424.7998862678922 1008.192491752312
0 523.0901936608401 317.350762600772 575.3133364292106 306.59131282885517 579.6498063391599 327.639237399228 527.4266635707894 338.39868717114484
