0 720.2049300304733 167.75545308591015 740.2528094596368 158.96599176033808 776.0450699695267 240.60454691408987 755.9971905403632 249.39400823966193
0 745.392809943484 135.27204953640774 769.7392745273996 123.41557188644174 828.067190056516 243.18795046359224 803.7207254726004 255.04442811355824
0 347.1307408280973 777.2417000582399 409.3495411067897 727.6251978449621 420.2292591719027 741.2682999417601 358.01045889321034 790.8848021550378
0 744.6933885670404 166.95162122735397 760.9335358893685 160.40504082617653 792.7766114329596 239.39837877264605 776.5364641106315 245.9449591738235
0 410.84668402006986 717.0117116826112 487.0407673788156 646.993342227728 501.01331597993016 662.1982883173888 424.8192326211844 732.216657772272
0 432.17127112450237 730.2939607607784 496.3044819917883 671.3589010437286 508.80872887549765 684.9660392392216 444.6755180082117 743.9010989562714
0 272.9075305830769 926.2154500668122 344.78488169277534 865.281557220112 356.06246941692314 878.5845499331878 284.1851183072247 939.518442779888
0 253.5487846555429 918.5740873738279 327.4007972413263 846.5042855354069 339.5812153444571 858.9859126261721 265.7292027586737 931.055714464593
0 917.6940587713214 355.77098433564447 939.9949756748301 342.0002470546274 1005.2759412286787 447.71901566435554 982.9750243251699 461.48975294537263
0 235.83308982119476 902.7957042344301 303.19315452327254 827.163303219178 318.4869101788053 840.7842957655698 251.12684547672754 916.4166967808219
