0 609.5580052906258 147.39673825934221 656.0107238787626 157.78446831799158 596.2419947093741 425.0632617406578 549.7892761212373 414.67553168200845
0 751.2291029444715 105.44293630964896 786.5275249505943 114.08104975401105 751.3308970555285 257.90706369035104 716.0324750494057 249.26895024598898
0 540.1538500560946 447.93933268867943 558.6646298880551 451.4993228589865 544.1961499439053 526.7306673113205 525.6853701119448 523.1706771410135
0 638.0681183139607 51.744247344394424 647.6842159023497 55.145815684230726 635.3918816860394 89.89575265560556 625.7757840976503 86.49418431576926
0 694.6678915392928 338.55080304412104 729.1728222107607 345.90526831069144 668.2921084607073 631.539196955879 633.7871777892393 624.1847316893086
0 875.7327381956676 740.8397296150029 903.3311180627371 747.0112633557299 872.4472618043325 885.1202703849972 844.848881937263 878.9487366442702
0 648.4231575224566 55.6288449046847 658.0392551108456 59.030413244521 645.5768424775434 94.26115509531529 635.9607448891544 90.85958675547899
0 669.9394956596161 30.712055785609287 704.0001643039409 36.91005961761132 701.7605043403839 49.21794421439072 667.6998356960592 43.01994038238869
0 631.2927213452617 859.0661843998672 816.9847869661069 906.4811531909965 807.2172786547383 944.7338156001327 621.5252130338931 897.3188468090035
0 957.8889221006045 378.7648816768917 1004.5422850327475 390.18173882418705 925.7010778993954 712.3551183231082 879.0477149672524 700.9382611758128
0 655.6796554128747 65.80505027051822 662.1940901516756 68.10944607721126 654.0703445871253 91.07494972948177 647.5559098483244 88.77055392278874
0 482.0715784783007 701.2986275870106 532.3517111163783 713.0713869023679 461.4484215216993 1015.8913724129894 411.1682888836217 1004.1186130976322
