0 213.2534673405433 262.47187022557506 218.3782735034158 257.16143128015966 232.72653265945672 271.00812977442496 227.6017264965842 276.31856871984036
0 108.63165100543485 297.97876395637036 115.41392199219293 300.45448612619873 106.96834899456515 323.5912360436297 100.18607800780707 321.1155138738013
0 106.99165100543485 324.48876395637035 113.77392199219292 326.9644861261987 105.32834899456515 350.1012360436297 98.54607800780707 347.6255138738013
0 133.60069756659695 280.9954009157491 138.97533606702663 282.2538368456633 135.25930243340306 298.1245990842509 129.88466393297338 296.86616315433673
0 131.06367102269076 249.33214792105514 137.98219180389242 251.39672298631206 130.93632897730924 275.0078520789449 124.0178081961076 272.943277013688
0 427.9207100258908 55.300371136135645 441.57486439282866 51.47460735306816 448.9592899741092 77.82962886386436 435.30513560717134 81.65539264693184
0 153.2680513282963 256.4829088641858 160.35812190584298 257.84647008591617 155.8519486717037 281.2770911358142 148.76187809415703 279.9135299140838
0 123.65165100543484 275.68876395637034 130.43392199219292 278.1644861261987 121.98834899456514 301.3012360436297 115.20607800780706 298.8255138738013
0 437.97600196096164 109.0172435824972 448.99320130263254 106.1666789602011 454.52399803903836 127.5427564175028 443.50679869736746 130.3933210397989
0 414.99563096242775 114.41565164200811 427.171420699177 111.1350656750699 434.35436903757227 137.7943483579919 422.178579300823 141.07493432493013
0 117.08165100543485 272.6387639563703 123.86392199219293 275.1144861261987 115.41834899456515 298.25123604362966 108.63607800780707 295.7755138738013
0 132.33165100543485 305.9587639563703 139.11392199219293 308.4344861261987 130.66834899456515 331.57123604362965 123.88607800780707 329.0955138738013
0 182.37444464464056 324.52641250247314 206.92745452582784 322.2317870920152 216.32555535535943 422.7935874975269 191.77254547417215 425.0882129079848
0 118.72165100543485 327.7687639563703 125.50392199219293 330.2444861261987 117.05834899456515 353.38123604362966 110.27607800780707 350.9055138738013
0 146.04260751636644 254.57129948554677 153.07247888830523 256.2172972054708 147.45739248363356 280.1987005144532 140.42752111169477 278.5527027945292
0 418.67180780401424 216.28464898384712 490.8070990106783 205.14733052158866 548.5581921959857 579.1953510161529 476.4229009893217 590.3326694784114
0 239.47647320563965 605.282850992808 273.90390384627597 598.5479850339212 316.1235267943604 814.3671490071921 281.69609615372406 821.1020149660789
0 416.99329001339345 61.819860184158834 428.8275324089976 58.50401837217719 436.27670998660653 85.09013981584117 424.44246759100236 88.40598162782281
0 181.10815317390643 228.55173264110178 201.01450309178642 237.68120321430152 197.29184682609355 245.79826735889824 177.38549690821355 236.6687967856985
0 115.67165100543485 300.0887639563703 122.45392199219293 302.5644861261987 114.00834899456515 325.70123604362965 107.22607800780708 323.2255138738013
0 406.2599307339328 58.09191680101692 416.74125796432037 56.04150721034101 422.0400692660672 83.12808319898308 411.5587420356796 85.17849278965899
0 427.1678351858526 111.2556463927314 437.71181805066635 108.41472658631069 444.89216481414735 135.06435360726857 434.3481819493336 137.9052734136893
0 206.74119701918113 314.5425266566418 230.6470269967686 312.30838407330464 239.88880298081887 411.1974733433582 215.9829730032314 413.4316159266954
0 496.74825211956403 249.0915528007165 514.9926087441414 246.08763013938835 529.9017478804361 336.6384471992835 511.6573912558587 339.64236986061167
0 126.66497149670752 303.55621712988085 132.31060150092026 305.61703295268813 123.86502850329248 328.7537828701191 118.21939849907974 326.6929670473118
