0 505.1595326099646 176.42916654042835 515.0616056669749 176.82546084221792 513.3304673900354 220.08083345957164 503.42839433302515 219.68453915778207
0 495.4682942678587 173.98134206366376 505.30042331740276 174.37483711206022 503.4917057321413 219.56865793633625 493.6595766825973 219.1751628879398
0 291.2151347562044 580.4104820435742 315.11941010231214 602.6796203335365 113.07486524379564 819.5595179564258 89.1705898976879 797.2903796664635
0 483.79904350114407 174.44395206286308 495.5096687512107 174.91262705953042 493.68095649885595 220.60604793713694 481.9703312487893 220.1373729404696
0 341.00457712983007 390.1368369046295 407.78788741636276 322.30523978962196 422.6454228701699 336.93316309537056 355.8621125836372 404.7647602103781
0 258.84472797312026 505.72693684207997 280.80688790180534 524.6040428508638 128.09527202687977 702.27306315792 106.13311209819463 683.3959571491362
0 419.24279892594683 340.1775642739432 437.41651015628196 356.7717897791118 316.26720107405316 489.4524357260568 298.09348984371803 472.85821022088817
0 473.29303130905026 166.15802328538993 484.4690467228699 166.71729018952882 482.2569686909497 210.92197671461005 471.08095327713005 210.36270981047116
0 515.5569349803257 171.45029740482596 532.0837047444982 172.11172099227286 529.9830650196743 224.59970259517405 513.4562952555018 223.93827900772715
0 539.2403920689397 159.40184579400994 553.8104616917202 162.96738519041696 531.8396079310602 252.74815420599003 517.2695383082797 249.18261480958301
