0 878.6549475117425 335.1797169582764 889.0173040475519 333.04477737487656 897.1050524882575 372.3002830417236 886.7426959524481 374.43522262512346
0 822.633918366106 500.0189424964216 840.3539590749083 497.28305922435277 855.7560816338942 597.0410575035784 838.0360409250918 599.7769407756472
0 865.5828332276886 501.8196056388942 888.6522252170136 498.0212437231639 903.3371667723114 587.2103943611057 880.2677747829865 591.008756276836
0 861.1530031304052 337.31731429555845 869.5066021937938 336.5366205731845 873.2369968695949 376.45268570444154 864.8833978062063 377.2333794268155
0 831.1708801982472 614.9803641423633 843.844960622738 631.9747068890994 762.7691198017528 692.4396358576367 750.0950393772621 675.4452931109007
0 414.32582308618294 934.9512043382038 427.6693580495453 951.4251253857724 358.7741769138171 1007.2287956617963 345.43064195045474 990.7548746142277
0 896.3921883381186 395.6337318577446 907.1727632949826 394.408291692156 911.7978116618815 435.09626814225544 901.0172367050175 436.321708307844
0 850.66 395.3 858.4 395.3 858.4 438.31 850.66 438.31
0 867.9319972828143 397.73470679636887 877.7157373893529 397.01739966012144 880.7780027171857 438.7852932036311 870.9942626106472 439.50260033987854
0 847.6245842194717 632.6000812797001 859.0312566015134 647.8949897517625 777.9554157805283 708.3599187202999 766.5487433984865 693.0650102482375
0 841.9549544868422 337.61377590086187 850.9369947395224 337.0454864506424 853.4450455131579 376.6862240991381 844.4630052604776 377.25451354935757
0 886.453079984454 397.14249594327123 896.1804374800943 396.0367761993899 900.756920015546 436.2975040567288 891.0295625199058 437.40322380061014
0 734.4548882979517 691.1223749724519 747.1289687224424 708.1167177191879 666.0451117020483 768.5876250275481 653.3710312775576 751.5932822808121
0 857.4413403146102 397.3341336147365 867.7137687649004 396.58099768167347 870.8586596853897 439.47586638526343 860.5862312350996 440.2290023183265
0 851.8353571603737 337.4765174565081 861.5359606332685 336.862764850271 864.0446428396264 376.51348254349193 854.3440393667316 377.127235149729
0 753.2578872200835 718.6835714064732 762.8651730429445 736.2363534970095 671.9521127799165 785.9964285935268 662.3448269570555 768.4436465029905
0 838.4935419821678 487.8725557749166 862.9344675414312 483.8483716580373 882.7564580178322 604.2374442250833 858.3155324585688 608.2616283419626
0 839.89 394.8 850.64 394.8 850.64 437.81 839.89 437.81
0 867.2704026687975 337.2053488652621 878.6448017886657 334.980232090362 886.3395973312024 374.31465113473786 874.9651982113342 376.539767909638
0 832.3692844115435 337.3043611286638 840.7325618912614 336.77522050723724 843.2507155884564 376.5756388713362 834.8874381087385 377.10477949276276
0 313.2337801419762 957.0977552678918 308.00960890722496 963.0637367386975 293.19621985802377 950.0922447321083 298.420391092775 944.1262632613026
0 877.8836911276707 399.2225444420049 886.6202419261698 398.5820132989339 889.4763088723292 437.5374555579951 880.7397580738301 438.1779867010661
