0 690.4390372301089 396.1979922017006 714.4441941615776 417.25214477774966 707.1909627698913 425.52200779829946 683.1858058384225 404.46785522225036
0 902.1740070269511 318.6973821680581 916.6283843833303 331.1213338437286 912.0459929730489 336.4526178319419 897.5916156166697 324.02866615627136
0 732.3895660112146 321.663767509065 766.9404250432424 349.03682981763654 759.0104339887855 359.04623249093504 724.4595749567577 331.6731701823635
0 820.4846173589561 345.6977966868062 840.6970865680943 359.5258908602507 835.9653826410439 366.4422033131938 815.7529134319058 352.6141091397493
0 827.9075070287048 324.49900494268076 848.3769907699119 339.73943260624895 843.3724929712952 346.4609950573193 822.9030092300881 331.2205673937511
0 703.1981552774573 378.3179422645745 728.0453346255638 400.1106056732317 720.2118447225428 409.0420577354255 695.3646653744363 387.2493943267683
0 701.386504208192 392.5426501715959 721.2191393429289 409.93721781820335 715.6934957918079 416.2373498284041 695.860860657071 398.8427821817966
0 781.8461680817509 311.1800950251725 817.3376131128357 339.29834051818796 809.4138319182491 349.29990497482754 773.9223868871643 321.18165948181206
0 911.2703636856892 289.36769627235475 934.5672405161175 309.39202971813637 928.3096363143108 316.6723037276452 905.0127594838824 296.6479702818636
0 910.2923616636156 302.1221613162011 927.5299271048798 316.93834293152065 921.9176383363845 323.46783868379896 904.6800728951202 308.6516570684794
0 821.9277914722229 333.0179489254078 843.462979702841 349.73151431020364 838.4722085277772 356.16205107459217 816.937020297159 339.4484856897963
0 843.8913456400902 307.51231814233915 865.4356376968623 323.55298769733304 860.1086543599098 330.7076818576609 838.5643623031377 314.667012302667
0 689.7531236537367 411.5703013197407 704.6163229188522 424.60633628461676 699.7368763462633 430.16969868025933 684.8736770811478 417.13366371538325
0 871.7969079466322 310.50921801730635 907.5419258276124 339.4148333314354 901.9330920533678 346.35078198269366 866.1880741723876 317.44516666856464
0 840.164179882541 320.4573468320599 855.4441040702368 331.83391999001344 851.2458201174591 337.47265316794005 835.9658959297633 326.0960800099865
0 58.26513238257875 83.04452778525122 468.56310906122224 442.9037125136827 415.88486761742126 502.9654722147488 5.586890938777763 143.10628748631734
0 710.1847287840806 370.65496617664877 733.9342717676413 391.48492796422755 727.5052712159195 398.81503382335126 703.7557282323587 377.9850720357725
