0 795.0799999999999 143.71 810.28 143.71 810.28 149.54999999999998 795.0799999999999 149.54999999999998
0 669.3236275309007 145.15767333461503 710.6634884500775 141.29421643914816 711.7763724690992 153.202326665385 670.4365115499224 157.06578356085186
0 708.95 31.320000000000004 731.4300000000001 31.320000000000004 731.4300000000001 40.11 708.95 40.11
0 678.1216238081226 135.21834868162182 708.4892962078068 132.3803083321098 709.3183761918774 141.2516513183782 678.9507037921933 144.08969166789024
0 723.22 158.97 742.77 158.97 742.77 167.77 723.22 167.77
0 122.17324112921952 2.7554834624613846 133.29465093199863 1.8282057270181227 136.26675887078048 37.47451653753861 125.14534906800137 38.401794272981874
0 787.18 122.11 807.4 122.11 807.4 128.77 787.18 128.77
0 773.31 0.40000000000000036 796.96 0.40000000000000036 796.96 8.76 773.31 8.76
0 788.0500000000001 170.15 793.61 170.15 793.61 184.27 788.0500000000001 184.27
0 665.4010595952814 1.4991157002278563 681.9237275639264 0.12149340151376675 682.4189404047186 6.060884299772143 665.8962724360736 7.438506598486233
0 614.3377416247241 202.0572902851175 623.2995149992663 200.2109105886989 627.8922583752759 222.5027097148825 618.9304850007337 224.3490894113011
0 713.45 72.96 735.73 72.96 735.73 81.17 713.45 81.17
0 648.5187201924145 200.68262342584688 654.1385513784405 199.46607197170692 657.7712798075854 216.24737657415312 652.1514486215594 217.46392802829308
0 807.4744206214776 81.98885689958017 781.6298173066317 85.40958481893547 780.6955793785224 78.35114310041983 806.5401826933684 74.93041518106453
0 705.8199999999999 0.3000000000000007 732.02 0.3000000000000007 732.02 8.84 705.8199999999999 8.84
0 772.3299999999999 8.559999999999999 798.72 8.559999999999999 798.72 17.55 772.3299999999999 17.55
0 721.46 142.55 744.7 142.55 744.7 150.7 721.46 150.7
0 706.41 22.52 735.15 22.52 735.15 31.51 706.41 31.51
0 797.6600000000001 149.82 811.5 149.82 811.5 155.0 797.6600000000001 155.0
0 666.6836169653835 7.6365743561656 695.8675609667595 4.6144869112778295 696.8563830346164 14.163425643834401 667.6724390332405 17.18551308872217
0 788.36 110.21000000000001 807.91 110.21000000000001 807.91 117.25 788.36 117.25
0 779.95 43.75 799.7 43.75 799.7 51.56999999999999 779.95 51.56999999999999
0 811.9100000000001 170.59 816.53 170.59 816.53 180.77 811.9100000000001 180.77
0 605.2555877129457 235.66331997955015 615.916124683439 237.93553288787265 609.6644122870543 267.2666800204499 599.0038753165611 264.9944671121274
0 716.1800000000001 101.89 741.01 101.89 741.01 111.07000000000001 716.1800000000001 111.07000000000001
0 773.7041028237734 61.46598320012534 803.455015062395 58.38518444495857 804.4458971762267 67.95401679987464 774.6949849376051 71.0348155550414
0 752.1899999999999 174.53 756.4 174.53 756.4 186.60999999999999 752.1899999999999 186.60999999999999
0 320.0729075908076 929.6986976849397 336.0471113140907 920.0539884924837 365.4670924091924 968.7813023150603 349.49288868590924 978.4260115075164
0 791.2800000000001 128.78 809.6 128.78 809.6 138.28 791.2800000000001 138.28
0 685.2700000000001 195.98 691.37 195.98 691.37 211.46 685.2700000000001 211.46
0 661.3173476539608 197.15517132761624 668.7034301964044 195.3227181423453 673.4326523460392 214.38482867238378 666.0465698035956 216.2172818576547
0 785.9985423479732 99.04787312934212 806.2782543024978 95.91678976387365 807.3814576520269 103.06212687065789 787.1017456975023 106.19321023612636
0 746.75 174.53 752.19 174.53 752.19 186.60999999999999 746.75 186.60999999999999
0 726.1183873188377 461.0103090180485 767.6761644278183 456.7068729768962 787.7616126811624 650.6696909819516 746.2038355721818 654.9731270231039
0 801.428102555851 75.3382652646132 781.164823240337 78.02026291216296 780.2318974441491 70.9717347353868 800.4951767596631 68.28973708783704
0 643.05 230.70000000000002 659.7 230.70000000000002 659.7 258.85 643.05 258.85
0 640.647658004845 200.43719371073686 648.2436760538337 198.95122271524698 652.2523419951551 219.44280628926313 644.6563239461664 220.928777284753
0 728.9100000000001 246.18000000000004 746.73 246.18000000000004 746.73 275.27000000000004 728.9100000000001 275.27000000000004
0 698.2011594177529 53.73019562890477 670.9625023302431 59.581277586034815 668.9988405822471 50.439804371095235 696.237497669757 44.588722413965186
0 776.48 169.23 782.45 169.23 782.45 183.22 776.48 183.22
0 793.86 167.88 799.83 167.88 799.83 183.35000000000002 793.86 183.35000000000002
0 713.0600000000001 65.53 735.93 65.53 735.93 73.35 713.0600000000001 73.35
0 667.019684083733 17.454066553531504 693.657244423094 14.695664993405586 694.6203159162671 23.9959334464685 667.9827555769061 26.754335006594417
0 763.7 164.5 769.8 164.5 769.8 184.70999999999998 763.7 184.70999999999998
0 799.6899999999999 167.73999999999998 806.36 167.73999999999998 806.36 182.54 799.6899999999999 182.54
0 665.0232206384875 28.506207403812326 696.7237078683394 25.22352414312476 697.6867793615125 34.52379259618767 665.9862921316607 37.80647585687524
0 621.2478611462383 254.69712419875228 613.8096793956662 253.66100053554536 616.7221388537617 232.7528758012477 624.1603206043338 233.78899946445463
0 805.507909126515 89.47885925609559 789.6363288015943 91.57958246242005 788.7020908734851 84.52114074390441 804.5736711984057 82.42041753757995
0 735.37 300.5 757.5500000000001 300.5 757.5500000000001 392.14 735.37 392.14
0 685.4636364472015 187.75998904187185 713.1720664975735 184.32934709849695 714.2963635527985 193.41001095812817 686.5879335024265 196.84065290150306
0 681.8074331891294 156.11082604366027 711.8465373300628 153.30349236022494 712.5825668108707 161.17917395633975 682.5434626699373 163.98650763977508
0 800.27 155.08 811.54 155.08 811.54 160.1 800.27 160.1
0 776.24 35.93 799.5 35.93 799.5 43.940000000000005 776.24 43.940000000000005
0 709.73 49.5 733.78 49.5 733.78 59.45 709.73 59.45
0 705.04 8.64 724.0 8.64 724.0 15.48 705.04 15.48
0 623.0912738637169 200.235445410361 629.9176554628771 198.6860861032125 634.9287261362831 220.764554589639 628.1023445371229 222.3139138967875
0 776.0400000000001 28.110000000000003 797.15 28.110000000000003 797.15 36.32000000000001 776.0400000000001 36.32000000000001
0 677.9210326787584 95.55818557822695 703.8043492522963 91.56193444072113 705.1089673212416 100.01181442177304 679.2256507477036 104.00806555927886
0 714.23 87.42 733.5799999999999 87.42 733.5799999999999 94.26 714.23 94.26
0 737.8 174.8 743.5 174.8 743.5 187.43 737.8 187.43
0 721.07 134.73 743.16 134.73 743.16 142.54999999999998 721.07 142.54999999999998
0 630.3576576218422 201.28731217047454 637.8764293546315 199.58080356217238 642.2323423781577 218.77268782952547 634.7135706453685 220.47919643782762
0 680.012532642078 174.9754866202949 714.1139352548382 171.7885068835478 715.057467357922 181.8845133797051 680.9560647451617 185.07149311645222
0 695.801159417753 44.08019562890476 668.5625023302431 49.93127758603481 666.5988405822471 40.789804371095244 693.837497669757 34.938722413965195
0 179.166178162751 319.64037773091593 242.73915792405714 313.69910309759314 280.903821837249 722.0696222690841 217.33084207594288 728.0108969024069
0 769.98 166.52 776.49 166.52 776.49 185.53 769.98 185.53
0 671.8258071567309 105.55543343468159 703.8052337766633 100.29003952155844 705.5841928432692 111.09456656531842 673.6047662233368 116.35996047844156
0 672.0987060315778 197.6770932350256 679.269803565999 196.42259725981597 682.2612939684221 213.52290676497438 675.0901964340009 214.77740274018402
0 756.12 166.51999999999998 763.87 166.51999999999998 763.87 186.75 756.12 186.75
0 629.4157270466713 263.73985751848085 620.0660019167912 262.43745973144047 624.1442729533286 233.16014248151916 633.4939980832088 234.46254026855954
0 720.0899999999999 126.91 741.99 126.91 741.99 134.92 720.0899999999999 134.92
0 699.2311594177529 71.98019562890475 671.992502330243 77.8312775860348 670.0288405822471 68.68980437109524 697.267497669757 62.838722413965186
0 639.9397877420454 257.8196049505895 630.8651187922392 256.64790385755214 634.1702122579545 231.05039504941053 643.2448812077607 232.2220961424479
0 658.77 229.04999999999998 675.6600000000001 229.04999999999998 675.6600000000001 256.03 658.77 256.03
0 700.0282992976911 61.50324249192726 672.7896422101812 67.3543244490573 671.0717007023088 59.35675750807274 698.3103577898187 53.50567555094269
0 782.3199999999999 168.96 788.02 168.96 788.02 182.54 782.3199999999999 182.54
0 716.97 112.05 742.5799999999999 112.05 742.5799999999999 120.26 716.97 120.26
0 716.97 120.25999999999999 735.73 120.25999999999999 735.73 126.91 716.97 126.91
0 679.1939825726744 164.52269237192385 711.1630337043795 161.21219849057783 712.2260174273257 171.47730762807615 680.2569662956206 174.78780150942217
