0 306.66935726629976 769.5495671980958 311.5407760900277 771.9027307376376 305.0206427337003 785.4004328019042 300.14922390997236 783.0472692623624
0 325.9819372165637 758.620522870365 329.8313938182234 759.3608497386729 327.7180627834363 770.349477129635 323.86860618177667 769.6091502613272
0 334.65651595315103 760.02126840185 339.91840172317654 760.6557431004812 338.303484046849 774.04873159815 333.0415982768235 773.4142568995187
0 368.77806953216776 722.3527075914463 372.88649411590046 724.8154189914648 365.9919304678322 736.3172924085537 361.8835058840995 733.8545810085353
0 433.81164516015514 216.67455616757212 477.51792235995396 211.26318542307962 502.1283548398449 410.0354438324279 458.4220776400461 415.4468145769204
0 415.8 800.8 431.09999999999997 800.8 431.09999999999997 807.2 415.8 807.2
0 290.6861985735575 738.1864491178503 295.97182306436764 740.7396968030832 289.30380142644253 754.5435508821497 284.01817693563237 751.9903031969168
0 339.40895971874966 765.0002898678057 343.74717787936186 765.4355635643859 342.6310402812503 776.5597101321943 338.2928221206381 776.124436435614
0 456.15999999999997 787.72 462.64 787.72 462.64 801.52 456.15999999999997 801.52
0 482.51000000000005 775.7 502.82 775.7 502.82 786.21 482.51000000000005 786.21
0 363.10949033904427 766.4746252588636 390.9928347368406 770.6887805946192 389.35050966095577 781.5553747411363 361.4671652631594 777.3412194053808
0 376.84240760849184 688.6064159113182 383.42961028136597 692.554980327214 371.7175923915081 712.0935840886818 365.130389718634 708.145019672786
0 330.1393609527592 759.4626135053765 334.902081493078 760.3785791460124 332.79063904724075 771.3573864946235 328.02791850692194 770.4414208539876
0 288.9928482461879 784.3190412070378 282.159141816481 782.8023156443262 286.7071517538121 762.3109587929623 293.54085818351905 763.8276843556739
0 344.2759992321116 764.1206171120552 349.27092014180727 764.6217808636222 348.02400076788837 777.0493828879448 343.0290798581927 776.5482191363778
0 373.0196770921164 725.4524801302109 378.20023752755395 728.5578615197958 372.02032290788355 738.867519869789 366.839762472446 735.7621384802042
0 482.87 791.78 503.46000000000004 791.78 503.46000000000004 801.0 482.87 801.0
0 314.36688338410517 749.2759006912264 319.65250787491533 751.8291483764593 313.86311661589485 763.8140993087735 308.5774921250847 761.2608516235406
0 293.18632734526653 671.2018129199209 300.10803640387263 675.3508903725615 289.58367265473345 692.908187080079 282.66196359612735 688.7591096274384
0 301.6106265235529 742.8635567793044 305.60861165799884 744.7948037507583 299.14937347644707 758.1664432206956 295.15138834200116 756.2351962492417
0 334.7538245213785 654.0504624247385 342.3617005250756 658.6108486707017 327.97617547862154 682.6095375752616 320.3682994749244 678.0491513292984
0 313.39557397538675 682.1237141817275 317.40107351735577 684.5247292627474 310.7944260246133 695.5462858182726 306.7889264826443 693.1452707372526
0 296.4032849152807 742.1079311846353 300.86049807192643 744.261010578486 294.9667150847193 756.4620688153647 290.5095019280736 754.308989421514
0 317.62688338410516 775.1759006912265 322.9125078749153 777.7291483764594 317.12311661589484 789.7140993087736 311.8374921250847 787.1608516235407
0 287.1057678239904 733.664028333454 291.7610793431537 735.912800144809 284.7842321760096 750.355971666546 280.1289206568463 748.107199855191
0 432.91999999999996 801.67 447.62 801.67 447.62 808.17 432.91999999999996 808.17
0 350.5245864409228 708.9989306002062 358.0981540973654 713.5387514065033 346.90541355907715 732.2110693997938 339.33184590263454 727.6712485934968
0 332.28920407632256 696.4535721923992 338.8678296623831 700.3969952483785 327.70079592367745 719.0264278076008 321.1221703376169 715.0830047516215
0 338.637505375443 703.3007015528366 346.24538137914016 707.8610877987998 333.592494624557 728.9692984471634 325.98461862085986 724.4089122012002
0 348.657505375443 668.0807015528366 356.26538137914014 672.6410877987997 343.612494624557 693.7492984471634 336.00461862085984 689.1889122012002
0 361.5624893127077 678.4633038711809 367.64364386357727 682.1085280520015 356.32751068729226 700.9866961288192 350.2463561364227 697.3414719479986
0 366.58367757261135 684.4047030572117 372.13305274103527 687.7311629232074 361.8863224273887 704.8252969427883 356.33694725896476 701.4988370767926
0 381.19765841531967 699.5942456313963 387.33885257388465 703.2754593316325 379.28234158468035 716.7157543686036 373.14114742611537 713.0345406683674
0 304.9670927348504 746.2694349267953 309.8024936744843 748.6051998449726 304.5829072651496 759.4105650732048 299.74750632551564 757.0748001550274
0 333.53817220544875 781.7870467703239 337.6808058691057 783.2992261012024 334.2518277945512 792.6929532296762 330.10919413089425 791.1807738987976
0 318.5482168320362 644.9081308728784 326.1646699225469 649.473658478758 313.51178316796376 670.5818691271216 305.895330077453 666.016341521242
0 322.1660684383575 797.0487767453492 315.7522606109466 794.4242826697143 322.8039315616425 777.1912232546508 329.2177393890534 779.8157173302857
0 320.55330833839605 694.1689130581984 326.222762722211 697.5673519630255 317.636691661604 711.8910869418015 311.9672372777891 708.4926480369744
0 328.8550586268167 780.6606984170737 332.99769229047365 782.1728777479523 329.07494137318326 792.9193015829262 324.9323077095263 791.4071222520477
0 309.52786349744105 749.2172891389389 313.42679945062815 751.1006899016406 308.542136502559 761.2127108610612 304.6432005493719 759.3293100983594
0 361.2866504512875 715.5110918761098 366.93037357466153 718.8941067011873 358.6733495487125 732.6689081238902 353.0296264253385 729.2858932988128
0 293.4843352355697 788.2858601707302 287.0325749968333 785.570203745138 295.1756647644303 766.2241398292698 301.62742500316665 768.939796254862
0 340.837505375443 662.2207015528365 348.44538137914014 666.7810877987997 335.792494624557 687.8892984471634 328.18461862085985 683.3289122012002
0 319.5590582117757 752.0463984557148 324.8446827025859 754.5996461409477 319.0509417882243 766.5936015442853 313.76531729741413 764.0403538590524
0 304.42367192341277 677.8835548444538 312.4260939205372 682.6804436465773 297.8863280765872 706.9364451555462 289.88390607946275 702.1395563534227
0 317.294356857714 686.5185454261417 323.01527376241063 689.9478324904679 311.93564314228604 708.4314545738583 306.2147262375894 705.0021675095321
0 310.56688338410515 774.1659006912264 315.8525078749153 776.7191483764593 310.06311661589484 788.7040993087735 304.7774921250847 786.1508516235406
0 277.93902908223157 733.0875885437622 283.32795111816444 733.1953813572393 283.03097091776846 748.0424114562379 277.6420488818356 747.9346186427608
0 350.068879635081 767.436620797863 354.4181752955643 769.0242376463818 350.341120364919 780.1933792021371 345.99182470443566 778.6057623536183
