0 532.5898959028913 336.0348741416109 635.4680722300053 311.60070880683315 639.8701040971088 330.1351258583891 536.9919277699947 354.5692911931668
0 663.2084993246197 403.2110519988134 572.9966225731405 419.7753416900725 569.9915006753804 403.4089480011866 660.2033774268596 386.8446583099275
0 388.51410577814465 106.46771703476736 394.9693556561232 103.86553544754892 401.9458942218554 121.17228296523263 395.49064434387685 123.77446455245106
0 385.2186110802949 138.04215912443956 398.09333651836397 134.014561218201 413.6513889197051 183.74784087556046 400.77666348163604 187.775438781799
0 585.3747069223507 366.20061486235744 654.2079492232838 349.1234033118429 658.0052930776494 364.42938513764256 589.1720507767163 381.5065966881571
0 276.03344255810856 43.89393447396705 253.58878688596124 66.61839336210662 242.22655744189146 55.396065526032956 264.6712131140387 32.67160663789339
0 343.6564021041807 0.7135717071611527 369.0441026397569 26.336014243264266 361.39359789581925 33.91642829283885 336.00589736024307 8.293985756735735
0 338.2757826550312 90.98464512966859 348.11883514731335 83.75979789016398 351.7342173449688 88.6853548703314 341.89116485268664 95.910202109836
0 336.19648147327166 9.470082915889396 359.08553113828236 32.570771334910006 352.2235185267283 39.36991708411061 329.3344688617176 16.269228665089997
0 370.90396068176153 138.43369627030103 340.8906419160238 171.35638140785045 332.12603931823844 163.36630372969898 362.13935808397616 130.44361859214956
0 637.6419071979857 410.65748900532867 648.6851573414077 403.3719192767619 652.2480928020144 408.7725109946713 641.2048426585924 416.05808072323805
0 309.53799709626077 37.42133261431447 330.0973187664626 58.1707517016328 323.83200290373924 64.37866738568553 303.2726812335374 43.629248298367195
0 284.52517583312294 14.52074479372827 302.7195772427333 32.883376885723436 297.384824166877 38.16925520627173 279.1904227572667 19.80662311427656
0 382.1159188173761 109.57706395138813 388.61754261689174 106.95618853092817 395.59408118262394 124.26293604861188 389.0924573831083 126.88381146907183
0 604.5582198237672 480.8138987498803 675.2899038120626 465.5022763609918 678.4317801762328 480.01610125011973 607.7000961879374 495.32772363900824
0 370.930857561141 1.4147174155695068 378.53942542334164 9.093636290403849 372.13914243885904 15.435282584430494 364.5305745766584 7.756363709596153
0 342.0526654397248 111.63082724866473 314.84193715806055 141.47925042948674 306.0773345602752 133.48917275133527 333.28806284193945 103.64074957051324
0 724.4884207877373 809.134759576246 747.5296636991403 803.1731217897217 749.7915792122627 811.915240423754 726.7503363008597 817.8768782102783
0 328.7064814732717 16.960082915889398 351.5955311382824 40.06077133491 344.73351852672835 46.859917084110606 321.84446886171764 23.759228665089996
0 314.5013750455517 90.65647303042785 287.1626438331244 120.64530721408117 277.5186249544483 111.85352696957214 304.8573561668756 81.86469278591882
0 735.7621271893935 751.1052217448556 590.0346702137314 783.9364977390436 583.9378728106066 756.8747782551444 729.6653297862687 724.0435022609564
0 441.50852383273207 34.192056246324135 459.7136295821231 33.76988962816291 459.8814761672679 41.00794375367587 441.6763704178769 41.430110371837095
0 257.8532050871654 23.842889149131437 226.97081379151072 57.718891095377586 217.32679491283463 48.92711085086856 248.20918620848929 15.051108904622417
0 361.2726970238316 130.2780737729438 326.9511923434836 158.69686890005727 319.38730297616837 149.56192622705618 353.70880765651634 121.14313109994272
0 323.010527588828 26.3895129625599 338.98781625413375 42.51453224643959 333.269472411172 48.180487037440095 317.2921837458662 32.0554677535604
0 589.2504697248249 683.4485662044905 712.3497006323947 648.9573361602487 718.6495302751752 671.4414337955096 595.5502993676054 705.9326638397514
0 376.68536830227924 114.26427315791216 382.7418024550378 111.82285853657072 387.6246316977207 123.93572684208783 381.5681975449621 126.37714146342927
0 357.93213972773964 1.751589651487783 372.2413149949496 16.19307167973775 365.8978602722604 22.47841034851222 351.5886850050504 8.036928320262252
0 287.85629890554424 4.64380104587193 309.06315826614616 26.04674514381445 302.51370109445577 32.53619895412807 281.30684173385384 11.133254856185546
0 725.5577166548013 703.4081449338503 623.3123340895964 727.5200557684341 618.9122833451987 708.8618550661497 721.1576659104036 684.7499442315659
0 394.7751537188969 103.28535028600696 399.97830771537093 101.18790219630934 406.95484628110313 118.49464971399304 401.7516922846291 120.59209780369066
0 669.7180709025815 853.2211901758758 706.3878845793968 845.6661676803662 708.4219290974186 855.5388098241242 671.7521154206033 863.0938323196337
0 523.0670679785957 8.928887945809883 538.9084529848213 1.2142965059132358 543.1729320214043 9.971112054190115 527.3315470151787 17.685703494086763
0 303.31648147327166 43.51008291588939 326.20553113828237 66.61077133491001 319.3435185267283 73.4099170841106 296.4544688617176 50.30922866509
0 571.6 967.5 578.3000000000001 967.5 578.3000000000001 987.7 571.6 987.7
0 494.10157660273643 21.25800840460698 519.4729662097564 8.902402818120972 523.3784233972635 16.92199159539302 498.0070337902437 29.277597181879027
0 347.64337657302514 101.47725495567748 360.67070894610293 91.91513117268038 364.6766234269749 97.37274504432251 351.6492910538971 106.93486882731962
0 304.8260927003459 2.3697452312248766 318.0161539156688 15.681765556330845 308.87390729965415 24.740254768775124 295.68384608433126 11.428234443669155
0 315.65111446887056 30.497911772605015 335.4362062918549 50.465942260263965 328.7588855311294 57.08208822739498 308.9737937081451 37.11405773973603
0 284.0432671550074 24.66223620847507 297.5219049497477 38.26550137527226 291.74673284499255 43.987763791524934 278.26809505025227 30.38449862472775
0 360.05379334310174 111.30857297354542 369.9049073034366 104.0778085782345 373.5262066568983 109.01142702645457 363.67509269656347 116.2421914217655
0 335.2790470572852 86.80613519019805 344.4691206373029 80.06057757100454 347.4809529427148 84.16386480980195 338.29087936269707 90.90942242899546
0 401.00862649581205 132.8186324077598 416.14525699601774 128.0834431718114 435.01137350418793 188.3913675922402 419.87474300398225 193.12655682818857
0 332.5150134668268 101.64907297069357 307.69591889152315 128.87402741440448 300.3649865331732 122.19092702930644 325.18408110847685 94.96597258559552
