0 752.2823592237925 441.5731745939386 768.1611279132786 452.90917057602144 764.4076407762076 458.16682540606143 748.5288720867214 446.83082942397857
0 805.4547994075167 693.5056946215228 917.8407533469981 711.6424792624886 914.7452005924833 730.8243053784771 802.359246653002 712.6875207375114
0 776.73 986.73 816.96 986.73 816.96 999.4000000000001 776.73 999.4000000000001
0 321.31276667294765 365.6022078121117 338.5474681749199 366.98393287083866 332.3972333270524 443.69779218788824 315.1625318250801 442.3160671291613
0 806.1703480897022 462.83927758713736 811.1532162423682 464.32622915768246 806.8696519102978 478.6807224128626 801.8867837576317 477.1937708423175
0 837.9578934149781 476.4755633438286 852.4789364117416 484.9836894763062 820.7921065850219 539.0644366561714 806.2710635882584 530.5563105236938
0 841.3712141609874 551.826953648904 878.8527139947453 571.8191413784148 873.8687858390126 581.163046351096 836.3872860052547 561.1708586215852
0 718.5261015297981 454.16874282087156 725.0057826293639 457.96529821332 714.7838984702018 475.4112571791285 708.304217370636 471.61470178668003
0 790.9676332661622 454.9489586519959 797.8771026399429 456.3495774341011 794.7023667338378 472.01104134800414 787.7928973600572 470.61042256589894
0 614.6012107040139 438.69532527578065 637.0031665707594 446.1190961063211 606.1787892959861 539.1346747242194 583.7768334292406 531.710903893679
0 174.0283925232309 353.7591200426824 194.2131352858132 354.76919905364286 188.2816074767691 473.30087995731753 168.0968647141868 472.2908009463571
0 812.0799453431673 461.6904514526099 817.6444563309867 463.29055065779613 812.6700546568327 480.58954854739005 807.1055436690133 478.98944934220384
0 704.7452792113218 961.5624271834816 755.6043330067278 976.1871681054946 750.9947207886783 992.2175728165183 700.1356669932723 977.5928318945054
0 745.7843887673586 455.7674218615641 769.3921276991761 468.9726163897468 765.3256112326413 476.2425781384359 741.7178723008238 463.0373836102532
0 286.94802086297994 359.17625238865725 302.26400814075447 361.80534609315833 292.1519791370201 420.71374761134274 276.83599185924555 418.08465390684165
0 748.3665442032524 448.13003476673856 759.7477465727467 455.1079092729629 756.4234557967476 460.5299652332614 745.0422534272533 453.55209072703707
0 914.275423251913 648.9317456120324 931.1521697223393 652.3528314883234 919.744576748087 708.6282543879676 902.8678302776607 705.2071685116765
0 825.3503795251584 555.4614017389188 878.8903373856206 584.0189806331446 869.9296204748416 600.8185982610812 816.3896626143794 572.2610193668554
0 220.74529482847706 352.1559269180283 241.7069132616077 354.8963926930086 226.15470517152292 473.8540730819717 205.19308673839228 471.1136073069914
0 798.9064547140035 461.50064851262164 804.1249605959299 462.8888834928392 800.5335452859965 476.38935148737835 795.3150394040701 475.00111650716076
0 108.99848610187343 353.62081681983614 127.63489018246369 354.7403448208074 120.93151389812658 466.3291831801639 102.29510981753631 465.2096551791926
0 861.8168354863743 480.89407223508994 867.7514981383655 484.21367751389374 860.6631645136257 496.88592776491004 854.7285018616345 493.56632248610623
0 741.4486830942624 463.16379958220335 765.8942567534198 476.8376442673936 760.4413169057377 486.58620041779665 735.9957432465803 472.9123557326064
0 669.4366449619437 440.53256272644194 679.2822795470355 444.23848766049593 665.0433550380563 482.0674372735581 655.1977204529645 478.3615123395041
0 927.7176655451369 591.8249857921203 944.5413926918138 594.8863914977019 934.4423344548632 650.3850142078797 917.6186073081863 647.3236085022982
0 958.0216389311786 887.6532571304233 1023.2789505658532 895.521940515524 1021.0283610688214 914.1867428695766 955.7710494341468 906.318059484476
0 858.6453586336386 503.3614620315004 868.026483965954 508.7327363215911 850.0046413663615 540.2085379684995 840.6235160340461 534.8372636784088
0 350.37332996953467 369.3950393157003 368.6066481573615 372.5249127734397 356.1666700304653 444.9949606842997 337.93335184263844 441.86508722656026
0 438.6580528458619 380.19400557226743 452.13051055705955 383.49094100081174 439.15194715413804 436.5259944277326 425.6794894429404 433.2290589991883
0 861.9080361971796 428.7614918381412 869.6252393188204 431.843840938963 862.4219638028203 449.8785081618588 854.7047606811796 446.796159061037
0 850.2883819118276 499.834599678301 857.6561667472909 504.0531120485944 840.8616180881725 533.385400321699 833.4938332527092 529.1668879514056
0 470.2175603973522 375.91799955173053 481.73180311558673 380.3839501364978 466.6524396026478 419.2620004482694 455.1381968844133 414.79604986350216
0 711.4099748982469 450.44835757260176 718.2030276546484 454.52031462649444 707.910025101753 471.6916424273982 701.1169723453515 467.61968537350555
