0 661.3287179278 351.00753317632484 701.4956819786883 337.5544815175134 763.7112820722 523.3124668236752 723.5443180213117 536.7655184824866
0 51.02 801.96 65.21000000000001 801.96 65.21000000000001 868.8399999999999 51.02 868.8399999999999
0 768.1458630692471 90.16226945142533 787.8480327886282 77.44507603665407 792.284136930753 84.31773054857466 772.5819672113719 97.03492396334592
0 770.9639686793711 98.75742198292211 793.9981525417342 83.22826315847679 798.3360313206289 89.66257801707788 775.3018474582658 105.1917368415232
0 700.2326238381374 138.8045989187144 738.4687938804952 114.66244283248423 746.1673761618626 126.85540108128563 707.9312061195048 150.9975571675158
0 691.3735055669396 587.5933243317997 723.3122707319943 616.756276509717 581.5364944330605 772.0266756682001 549.5977292680058 742.8637234902828
0 529.9528061313148 543.8113683971785 568.8708357588774 549.6932532913395 523.8271938686852 847.7286316028215 484.90916424112254 841.8467467086605
0 245.07680013028124 609.5360855418774 284.9730026672108 599.2134345678155 360.6331998697188 891.6339144581227 320.73699733278926 901.9565654321846
0 742.0993257828592 114.2851927232753 768.6740411460247 96.36908256044332 774.6106742171409 105.1748072767247 748.0359588539753 123.09091743955669
0 456.12889996391675 571.0083601174674 497.9091248639411 575.2003652824678 466.1611000360832 891.6216398825327 424.3808751360589 887.4296347175323
