0 140.46967201473137 643.9130091248043 146.16348181456806 642.2560752204846 152.26032798526865 663.2069908751956 146.56651818543196 664.8639247795153
0 424.46622112102665 583.9698582412346 499.60347678517877 557.1214521198307 505.3237788789733 573.1301417587653 430.1865232148212 599.9785478801692
0 191.25201063607904 582.4843352483276 283.09316078253454 547.5806729795024 289.43798936392096 564.2756647516724 197.59683921746546 599.1793270204976
0 504.32 450.36 537.9 450.36 537.9 461.6 504.32 461.6
0 146.6885301769988 638.3302897114136 155.3204610539856 635.8183443826051 164.78146982300123 668.3297102885865 156.14953894601442 670.841655617395
0 292.83832966765084 366.34441426228454 443.70640311311416 390.6914225970736 437.5216703323492 429.01558573771547 286.65359688688585 404.6685774029264
0 534.3906444839158 543.0152218817954 610.6946009800201 517.4588699699788 616.1793555160841 533.8347781182046 539.8753990199798 559.3911300300211
0 137.0027341033481 580.7642712403245 145.63466498033492 578.2523259115161 153.1872658966519 604.2057287596755 144.55533501966508 606.7176740884839
0 116.87227192778678 578.0824443760694 127.45779775171262 573.6917447699702 141.58772807221317 607.7575556239306 131.00220224828735 612.1482552300297
0 51.00441654455987 576.9087111746369 64.22704135849578 571.7316277264117 83.61558345544013 621.2512888253632 70.39295864150421 626.4283722735884
0 302.0988651841122 581.6219475186123 377.4517878017362 553.8436618806835 383.3111348158878 569.7380524813876 307.95821219826377 597.5163381193164
0 315.05002003001994 620.192569511538 353.21907608885374 606.1218353594903 356.5499799699801 615.157430488462 318.3809239111463 629.2281646405096
0 526.9396146167629 471.32119561796605 619.5560632410519 470.0999485199361 619.8357853832371 491.3134043820339 527.2193367589481 492.53465148006387
