0 698.4133736866894 393.8145344443581 823.6595273172328 353.2544123938231 830.9366263133105 375.72546555564185 705.6904726827671 416.2855876061769
0 752.6703275195156 493.1010761862205 863.8464751981236 437.5772336737977 874.7796724804845 459.46892381377955 763.6035248018765 514.9927663262023
0 812.6762588595681 638.4286998451255 827.6855900799984 630.3613845348493 860.063741140432 690.6013001548745 845.0544099200016 698.6686154651507
0 82.41104174290177 296.77591992786796 185.33509143147847 246.65296714470293 194.56895825709825 265.614080072132 91.64490856852154 315.73703285529706
0 230.03318485507714 224.54136247623873 410.7975471242187 125.04040301638953 427.7668151449228 155.8686375237613 247.00245287578127 255.36959698361048
0 609.7982381056337 272.3539357663368 631.2596778338069 280.92590781447086 579.4717618943663 410.58606423366325 558.0103221661931 402.0140921855292
0 773.7502665779848 672.7589386109574 786.4309060605844 666.1058354017524 811.4497334220152 713.7910613890425 798.7690939394156 720.4441645982475
0 689.5911514464123 124.36174311620853 709.8367153151409 114.25065793027365 754.4988485535877 203.6782568837915 734.2532846848591 213.7893420697264
0 719.5372879970512 432.6404649259104 835.0621628803162 381.9916457569905 844.6627120029489 403.88953507408957 729.1378371196838 454.53835424300945
0 729.3072039912242 468.83794383057193 844.1066187342756 411.5045611059071 854.9727960087757 433.2620561694281 740.1733812657244 490.5954388940929
0 849.6031282374845 634.185732136845 859.4781783140752 629.6186996227473 875.6768717625155 664.6442678631549 865.8018216859248 669.2113003772527
0 18.78945396205144 341.52612202358955 52.62296023032847 324.20405651180783 58.72054603794856 336.11387797641044 24.88703976967154 353.43594348819215
