0 534.2670409573798 101.07066978987976 586.6829620889575 89.72394727065782 643.6429590426203 352.84933021012023 591.2270379110425 364.1960527293422
0 579.9863622061146 647.3486157389113 591.0503772788431 638.7051690612002 626.2336377938855 683.7413842610886 615.1696227211569 692.3848309387997
0 691.5027608686701 802.7804011672707 707.5585197223088 806.539750530366 692.14723913133 872.3595988327294 676.0914802776913 868.6002494696342
0 236.39551539420125 137.30262732754696 516.920791224831 73.63281328549802 530.4444846057988 133.21737267245302 249.919208775169 196.88718671450195
0 930.5236844636048 778.3059006264166 940.9345216569162 770.9800990365316 970.6463155363953 813.2040993735834 960.2354783430839 820.5299009634684
0 627.53095212993 708.5968077602344 639.6963772661006 698.895466035698 673.96904787007 741.8731922397657 661.8036227338994 751.5745339643021
0 682.9222349023429 774.5560751342534 689.2447502610768 769.0865779417711 709.2777650976572 792.2439248657465 702.9552497389233 797.7134220582288
0 869.4022371634239 694.5539490046931 881.9980530866469 686.2441041668947 916.707762836576 738.856050995307 904.111946913353 747.1658958331054
0 781.3646192595389 578.6856348287668 795.1598852236342 568.3459908803575 834.3353807404611 620.6143651712332 820.5401147763658 630.9540091196425
0 344.05883056322654 841.5299289551809 366.7956629511072 834.9133699578305 404.70116943677345 965.1700710448191 381.9643370488928 971.7866300421696
