0 293.33641030612034 680.3743842153846 336.188867066767 661.5868604408978 343.7335896938797 678.7956157846155 300.88113293323306 697.5831395591023
0 206.82033972516436 617.3432558105222 256.3673730789158 593.2143605634902 262.6896602748356 606.1967441894777 213.1426269210842 630.3256394365097
0 636.2016609986139 629.5180977744328 776.3821589968064 472.1223517042841 804.9683390013862 497.58190222556703 664.7878410031936 654.9776482957159
0 178.96740078751756 713.5002397851162 230.8555464685816 702.2677673155005 235.04259921248243 721.6097602148837 183.1544535314184 732.8422326844994
0 589.636662371199 714.7255653916682 625.8505704191396 677.1999026540786 638.6733376288009 689.5744346083318 602.4594295808604 727.1000973459213
0 622.1619872582903 364.7784257590447 642.1016578849847 347.52896627594953 648.8358127417098 355.31337424095534 628.8961421150154 372.5628337240505
0 612.659488069377 297.77341204774166 631.9209883746889 272.83245838056064 641.012111930623 279.85338795225834 621.750611625311 304.79434161943936
0 603.659488069377 288.77341204774166 622.9209883746889 263.83245838056064 632.012111930623 270.85338795225834 612.750611625311 295.79434161943936
0 539.8358019648267 337.31337965295893 561.4910156171409 314.4199682533308 569.8357980351732 322.3134203470411 548.180584382859 345.2068317466692
0 535.3591036152176 411.62572733368796 559.5057623772854 401.0392648561531 563.6386963847825 410.4660726663121 539.4920376227147 421.0525351438469
0 501.24948968772384 248.0736602715728 527.612597877877 247.72603444645745 527.7483103122762 258.0181397284272 501.3852021221232 258.36576555354253
