0 731.8266194903422 324.24820013958424 761.6696017070981 310.4463592330096 764.5533805096579 316.6817998604157 734.710398292902 330.48364076699033
0 329.54977580734237 604.1896889661806 414.63645994795274 560.6270411821444 422.42022419265766 575.8303110338194 337.3335400520473 619.3929588178556
0 429.68242143197114 552.3096838266891 514.7691055725815 508.74703604265295 522.9675785680289 524.7603161733108 437.88089442741847 568.322963957347
0 801.513986240821 296.2530363259812 815.4634197546619 279.9452190396939 824.666013759179 287.81696367401884 810.7165802453382 304.12478096030617
0 510.9766767693695 486.36272897412675 681.7795328126592 403.1834961845941 692.5633232306304 425.3272710258733 521.7604671873407 508.50650381540595
0 796.0314975863672 180.38093407633596 808.778039560856 173.3646553124472 860.6985024136328 267.68906592366403 847.951960439144 274.7053446875528
0 939.4697329910424 662.466217572995 946.2956416550609 658.5290395340337 960.7702670089576 683.6237824270049 953.9443583449391 687.5609604659662
0 710.9538938891085 407.0482639286124 880.812740042697 324.3287542385061 891.0361061108915 345.3217360713876 721.177259957303 428.0412457614939
0 887.5079257186044 562.0314924974643 906.0894706392182 552.7514554090035 937.1420742813957 614.9285075025357 918.5605293607819 624.2085445909966
0 525.1762213527237 23.151759276634266 707.3393778280873 89.64650209839539 696.2637786472764 119.98824072336572 514.1006221719127 53.4934979016046
0 711.7673219052308 344.21110713854387 803.3999936693954 294.9597684221102 812.2626780947692 311.4488928614561 720.6300063306046 360.7002315778898
0 422.38959341839 535.6779546012511 507.46737634714344 492.11986405623406 515.67040658161 508.1420453987488 430.5926236528565 551.700135943766
0 321.44959341839 588.7879546012512 406.52737634714344 545.229864056234 414.73040658160994 561.2520453987488 329.6526236528565 604.810135943766
0 783.5049711082082 296.667865919188 806.2132579032167 272.1751382059331 815.4750288917918 280.76213408081196 792.7667420967833 305.25486179406687
0 355.2944311429912 56.02216646075539 448.01466008835456 3.7698550829856794 455.8355688570088 17.647833539244616 363.11533991164544 69.90014491701433
0 317.7851048217696 545.9740479953317 454.4296214809845 474.2812856899948 463.74489517823037 492.0359520046683 327.10037851901546 563.7287143100051
0 701.779617620973 386.20541670711344 872.1059734342231 303.25823462491024 881.230382379027 321.9945832928866 710.9040265657769 404.9417653750898
0 777.7857698025081 206.94079168197462 785.6102190003006 202.2166415201821 804.2742301974919 233.12920831802538 796.4497809996993 237.8533584798179
0 633.9988650775334 362.3898659674441 669.7139657921838 340.8262396271834 678.8211349224665 355.91013403255585 643.1060342078162 377.47376037281657
0 644.2627810310303 377.97932488001175 689.0265062556005 350.9524307924702 700.8472189689696 370.53067511998825 656.0834937443994 397.5575692075298
0 485.3250702706541 458.71880850152166 530.8797220007857 433.6434479707852 541.314929729346 452.6011914984784 495.7602779992144 477.67655202921486
0 394.25514823746124 72.4611304760929 438.6942995904913 47.41752995575059 444.63485176253874 57.95886952390709 400.1957004095087 83.0024700442494
0 157.06690830625857 156.1291460996884 335.66266239880326 66.9344516379924 346.7030916937414 89.04085390031159 168.10733760119675 178.2355483620076
0 545.6816936195905 560.4468752354712 801.8585708626879 429.2895362643902 822.4983063804095 469.60312476452873 566.3214291373122 600.7604637356098
0 494.35 27.4 523.84 27.4 523.84 34.76 494.35 34.76
0 820.388840976261 272.4389869795652 840.010464248282 263.60143640427094 843.2711590237391 270.8410130204348 823.6495357517181 279.67856359572903
0 468.7482784755195 10.689315540457677 500.20385628884463 20.76540230218462 497.42172152448046 29.450684459542323 465.9661437111553 19.374597697815382
0 623.4120983308907 604.7685336123424 659.0537922762113 588.7155665125166 665.2179016691094 602.4014663876577 629.5762077237888 618.4544334874835
0 809.4437923468761 438.0403674291933 891.1500959431187 398.2502385950385 898.3962076531238 413.1296325708067 816.6899040568812 452.91976140496143
0 816.1998683574488 453.51574199719187 898.3017570503282 413.53296729280135 906.0601316425511 429.46425800280815 823.9582429496718 469.4470327071987
0 947.3125723053568 659.0215037788926 954.5795024855615 655.7484889979867 966.3574276946433 681.8984962211075 959.0904975144385 685.1715110020134
0 363.5944311429912 71.37216646075538 456.3146600883546 19.11985508298568 464.1355688570088 32.99783353924462 371.41533991164545 85.25014491701432
0 569.6988213803331 948.7838127630397 757.2498602420326 855.1166497767653 777.5211786196669 895.7061872369603 589.9701397579674 989.3733502232348
0 802.3476791998324 422.4462467120028 884.4495678927118 382.46347200761227 892.2123208001675 398.40375328799723 810.1104321072881 438.38652799238776
0 786.1124433521153 201.7898472678237 793.3454810861957 197.61783754379758 811.3775566478847 228.88015273217633 804.1445189138043 233.05216245620244
0 591.6755412758612 403.5503583818908 632.613404263343 381.01628919725016 642.7544587241389 399.4396416181092 601.8165957366571 421.97371080274985
0 815.8160624886078 265.95847780707453 834.8267894970483 257.3960740201375 837.8739375113922 264.1615221929255 818.8632105029518 272.7239259798625
0 579.7533013290636 651.5564741046148 628.0049882972492 629.8239844928783 636.3866986709365 648.4335258953852 588.135011702751 670.1660155071218
0 532.0315589762058 314.0191531365688 678.381346668371 235.3580945214053 688.8584410237943 254.85084686343123 542.5086533316291 333.5119054785947
0 522.5066351648338 899.9913560529009 695.8508455079327 804.5747870487313 706.2233648351662 823.4186439470992 532.8791544920673 918.8352129512688
0 567.9507527946055 634.3841663859101 610.5786563775516 612.55954872321 620.2992472053945 631.5458336140899 577.6713436224484 653.37045127679
0 796.58667086014 271.1541249352795 802.1475062635809 276.33457951145687 786.93332913986 292.6658750647205 781.3724937364191 287.4854204885432
0 824.2985669471723 280.4277112865511 844.0843116034389 271.51624067856386 847.3614330528278 278.79228871344895 827.5756883965612 287.70375932143617
