0 829.7519122578956 607.9497227494569 886.510462804004 672.5598375915222 870.4480877421045 686.670277250543 813.6895371959961 622.0601624084777
0 1009.9189561524399 881.5158457392411 1022.7583592735928 895.2760102547013 982.42104384756 932.914154260759 969.5816407264072 919.1539897452988
0 60.7727328270687 607.958175305301 188.5322983158201 744.8798548382567 166.8172671729313 765.1418246946989 39.0577016841799 628.2201451617432
0 950.8907273495778 942.3915020306247 962.8767296004647 954.2487930383436 917.5292726504223 1000.0884979693753 905.5432703995353 988.2312069616564
0 936.3583870317107 934.772187593194 947.1126888624826 945.2002934678318 911.1016129682894 982.3378124068059 900.3473111375174 971.9097065321681
0 92.62034050686191 444.94888562632514 195.614007689216 352.18554900926244 215.28965949313812 374.0311143736749 112.29599231078402 466.7944509907376
0 1009.8411263711047 860.8564805530775 1019.8263702456906 871.9963416278415 978.8188736288954 908.7535194469224 968.8336297543095 897.6136583721584
0 380.9648889001938 169.98074618047815 457.41451611685824 248.69623003488277 440.86511109980626 264.76925381952185 364.4154838831418 186.05376996511723
0 894.5019150225781 678.7080677854979 948.6290592717595 734.4394624874817 933.0480849774218 749.5719322145021 878.9209407282405 693.8405375125183
0 115.88036100290373 531.8281987116391 261.70514406063114 688.1106198157631 232.3496389970963 715.5018012883609 86.52485593936888 559.2193801842368
