0 857.7281543978762 443.83630620220197 940.4718929471231 516.4081831993823 926.5918456021237 532.2336937977981 843.8481070528768 459.66181680061777
0 113.6787007482692 514.2894295331909 186.9917383289387 585.3787601018165 173.2012992517308 599.6005704668092 99.88826167106126 528.5112398981836
0 725.6306311326168 435.67452541396756 834.7552327174178 531.3842105506269 807.8193688673832 562.0954745860324 698.6947672825822 466.3857894493731
0 524.247352223738 255.57720347432894 679.5704158642469 391.8060767036353 657.032647776262 417.5027965256711 501.709584135753 281.2739232963647
0 798.5193170025682 928.2308116940152 813.5354769145617 940.624190631877 749.2706829974318 1018.4891883059848 734.2545230854382 1006.095809368123
0 677.1700155252344 242.54787218829 835.1018450458622 381.0648102293374 810.5199844747657 409.09212781171 652.5881549541378 270.5751897706626
0 496.9278758656864 280.01864093225095 654.7318984123604 418.42348357906315 631.7721241343136 444.60135906774906 473.96810158763975 306.19651642093686
0 843.3981543978763 458.83630620220197 926.1418929471232 531.4081831993823 912.2618456021238 547.2336937977981 829.5181070528769 474.66181680061777
0 991.4457482324036 700.671086808394 1008.5905471457894 714.8213083691883 935.4842517675964 803.398913191606 918.3394528542107 789.2486916308117
0 949.3643959980656 552.3139215082545 1024.0713313027961 617.8369763620597 1010.7056040019344 633.0760784917456 935.9986686972037 567.5530236379404
0 441.7409101444845 79.73711588498524 615.0396487687522 231.73187662112952 591.8490898555156 258.17288411501477 418.55035123124776 106.17812337887052
0 363.39603026409645 106.99837494350842 463.3509161452673 202.00064222425345 443.3239697359036 223.07162505649154 343.3690838547327 128.06935777574654
0 654.677352223738 272.2772034743289 810.000415864247 408.5060767036353 787.4626477762621 434.2027965256711 632.1395841357531 297.9739232963647
0 103.2968005432422 530.6623610046108 172.7175075301411 599.3375962895309 160.2131994567578 611.9776389953893 90.7924924698589 543.3024037104692
