0 139.67413914137634 663.5978275897002 220.29439479055466 656.8758949017648 222.06586085862367 678.1221724102999 141.44560520944535 684.8441050982352
0 1.6545804233863683 967.479426436419 42.0062032196473 954.8562359637898 45.90541957661363 967.320573563581 5.5537967803527 979.9437640362102
0 369.3941212380526 966.8487558600201 405.6843619788486 948.2688923789534 411.89587876194736 960.4012441399799 375.6056380211514 978.9811076210466
0 528.4748184553621 232.30082662505458 927.7734044383037 186.91210410476896 935.415181544638 254.13917337494541 536.1165955616964 299.52789589523104
0 273.5516574693691 1015.8886579081327 288.0906438675765 1014.0885538798218 289.01834253063095 1021.5813420918673 274.47935613242356 1023.3814461201782
0 360.23452245938364 981.0050338039545 416.69756247436845 962.7198591461553 421.03547754061634 976.1149661960454 364.5724375256315 994.4001408538446
0 75.66856302781854 290.8580248776699 475.7338324370576 241.3250599703174 483.8914369721814 307.21197512233016 83.82616756294239 356.74494002968265
0 363.913572857721 953.4384538173767 400.32843056451435 934.794788990042 406.936427142279 947.7015461826234 370.5215694354857 966.3452110099581
0 222.12107586010654 1013.5143747481575 239.10615398004916 1009.3004548083097 241.51892413989344 1019.0256252518425 224.53384601995083 1023.2395451916902
0 241.14197658680843 652.9409699565631 290.1683434379707 648.3591631759082 291.4580234131916 662.1590300434368 242.43165656202927 666.7408368240917
0 246.94642201797646 984.7007309078529 277.8901487003045 980.8695197404306 279.35357798202347 992.6892690921472 248.40985129969548 996.5204802595695
0 295.50064896595114 1002.107186731458 340.15657211252284 988.1374828001827 344.76935103404884 1002.882813268542 300.11342788747714 1016.8525171998173
0 251.12548768646172 1007.296338888008 282.2081534879535 1003.4479253612708 283.5745123135383 1014.483661111992 252.49184651204655 1018.3320746387292
0 3.7362446737248045 980.4228087337134 48.55834959888979 966.8916849785518 53.803755326275194 984.2671912662867 8.981650401110208 997.7983150214483
0 248.9754497978604 996.4357245180324 280.04819137655477 992.5885397312463 281.4145502021396 1003.6242754819675 250.34180862344522 1007.4714602687536
0 580.7511508690284 610.3027738397057 962.148957196337 563.0810687803073 970.3188491309716 629.0672261602942 588.9210428036629 676.2889312196926
0 1.9033352406745094 933.157687427674 41.923232788261764 921.5116494627426 45.63666475932549 934.2723125723261 5.6167672117382335 945.9183505372574
0 201.00344954637785 1005.3536029514277 235.35213038436467 996.8318528559297 238.50655045362214 1009.5463970485724 204.15786961563532 1018.0681471440704
0 294.80718105345375 986.4862645076919 333.8894647220177 974.2601611525793 338.3828189465463 988.623735492308 299.30053527798236 1000.8498388474206
