0 218.083050145197 669.3889980102405 243.23005766812136 678.568372315823 207.38694985480302 776.7610019897596 182.23994233187867 767.5816276841771
0 29.652948262456363 183.94621350933605 312.64436588804557 146.03146769376545 319.5070517375437 197.25378649066394 36.51563411195443 235.16853230623454
0 276.39670603309736 514.1253847835306 295.32506619697205 521.034775603758 273.1532939669026 581.7746152164694 254.22493380302788 574.8652243962421
0 145.25531907704746 679.4861370030638 166.75756047412395 687.3350678157191 147.29468092295255 740.6538629969363 125.79243952587605 732.804932184281
0 422.9249101174532 141.29627061889536 785.8227921462214 88.97658293792585 795.2050898825469 154.05372938110466 432.3072078537787 206.3734170620742
0 243.97842052213466 600.4656879199663 262.90678068600937 607.3750787401937 240.73157947786532 668.1243120800336 221.80321931399064 661.2149212598063
0 927.8969518564836 549.0856202889913 999.9329303749741 576.2001680241749 841.4130481435163 997.3443797110087 769.3770696250258 970.2298319758252
0 168.16148626051918 618.2967235561346 187.21196487706405 625.2506910913312 165.33851373948082 685.1732764438655 146.28803512293595 678.2193089086688
0 201.48298716678855 541.0803763039062 219.1901628039616 547.5439999744415 197.44701283321146 607.1096236960939 179.7398371960384 600.6460000255586
0 461.16152643655033 721.296751319338 481.99794045476057 728.9026361660688 454.83587356344964 803.3134486806621 433.9994595452394 795.7075638339313
