0 467.49 356.06 483.20000000000005 356.06 483.20000000000005 405.8 467.49 405.8
0 395.34216298024916 83.56848611504365 438.3091165564642 125.23218014689097 421.4278370197508 142.64151388495634 378.4608834435358 100.97781985310904
0 863.86146717002 468.8303456540206 899.0773207191805 393.56113774797126 919.0585328299801 402.9096543459794 883.8426792808195 478.17886225202875
0 306.9851618752439 163.76255236870242 343.19287452271135 190.1621289720955 337.22483812475616 198.3474476312976 301.0171254772887 171.9478710279045
0 331.6317800329915 138.21959058588413 372.71655305981005 157.56150169453116 366.89821996700846 169.92040941411585 325.8134469401899 150.57849830546883
0 68.61825941738682 522.4911404101636 84.22795808560521 527.8378503786789 70.84174058261318 566.9188595898365 55.232041914394806 561.5721496213212
0 102.42917167366997 870.6439970101726 139.23216673378434 866.4605588780619 156.61082832633005 1019.3460029898274 119.80783326621571 1023.5294411219381
0 449.8 358.12 467.39000000000004 358.12 467.39000000000004 413.25 449.8 413.25
0 73.34816475503425 686.7809712876079 129.90546069642343 648.6512404231222 140.48183524496577 664.339028712392 83.92453930357655 702.4687595768777
0 206.787393118748 367.0076505049419 224.99423950838514 377.43219579690356 191.012606881252 436.78234949505804 172.80576049161488 426.3578042030964
0 64.93619756284353 606.2688199537298 92.23914533763569 585.3754372020791 100.16380243715646 595.7311800462702 72.8608546623643 616.6245627979209
0 96.44999999999999 623.6899999999999 132.12 623.6899999999999 132.12 637.88 96.44999999999999 637.88
0 158.53078509957228 362.7498561378472 217.7546173763382 265.63343018191784 239.7392149004277 279.0401438621528 180.5153826236618 376.1565698180821
0 312.76516187524385 155.76255236870242 348.9728745227113 182.1621289720955 343.00483812475613 190.3474476312976 306.79712547728866 163.9478710279045
0 302.1904536759367 173.04944058279906 339.2708360323813 200.0852935247698 332.7195463240633 209.07055941720094 295.6391639676187 182.0347064752302
0 76.11249858948284 566.8310166555841 105.45584803928759 546.1829600141798 113.20750141051715 557.1989833444159 83.8641519607124 577.8470399858202
0 76.63169795908956 627.8027275504917 90.54173038185215 630.0475210816865 83.67830204091044 672.5772724495084 69.76826961814785 670.3324789183137
0 190.1940097359348 365.46338912592074 203.72331074710934 373.20975047490464 181.7959902640652 411.5066108740793 168.26668925289067 403.7602495250954
0 804.3638713102962 416.96636377931594 916.3560194055096 338.1607652153829 933.4361286897038 362.43363622068404 821.4439805944903 441.23923478461705
0 223.17435406652191 380.15225925115897 240.7129796878072 390.1942068369809 208.4356459334781 446.56774074884106 190.8970203121928 436.5257931630191
0 353.5907967699122 168.74250415288904 363.69844716015 172.4320845611097 353.2092032300878 201.16749584711098 343.10155283984994 197.47791543889034
0 436.43 363.05 449.56 363.05 449.56 404.81 436.43 404.81
0 66.56910755323919 621.9520464952141 106.2211198393175 591.6086316962055 115.02089244676081 603.1079535047859 75.36888016068251 633.4513683037944
