0 554.2777322985844 837.6294979816504 561.9389755838972 829.8479973986492 592.4022677014157 859.8405020183496 584.7410244161028 867.6220026013508
0 520.6798205448141 802.464484450625 526.6923530498628 796.3575741945518 556.450179455186 825.6555155493749 550.4376469501373 831.7624258054481
0 449.15102397543177 143.24320616698085 484.06142203735504 122.1654333444537 490.2689760245682 132.44679383301914 455.3585779626449 153.5245666555463
0 351.3016315612675 85.00820290790644 373.82424585200636 78.69758126573798 398.7483684387324 167.65179709209355 376.2257541479936 173.96241873426203
0 124.53500737646517 421.132760196241 167.60078811582864 402.7629227089612 173.74499262353478 417.16723980375895 130.67921188417134 435.53707729103877
0 502.48702137686803 117.22859342517846 519.518033631292 101.57798571845787 525.282978623132 107.85140657482155 508.25196636870805 123.50201428154215
0 917.9495237428574 695.5769015737959 926.8170219859663 697.2822973954336 916.9604762571427 748.533098426204 908.0929780140337 746.8277026045663
0 377.4442322268663 421.2370830747443 420.705296930168 386.0250300142262 431.4557677731337 399.2329169252557 388.194703069832 434.4449699857738
0 477.46067969604775 825.0627902495428 494.2915612358516 807.9677170823086 584.7693203039523 897.0472097504571 567.9384387641485 914.1422829176913
0 281.79705424169265 166.7059412488853 337.5224797876832 202.42418655458673 327.45294575830735 218.13405875111468 271.7275202123168 182.41581344541325
0 715.7531138208091 779.5923913032442 724.3489227772158 785.1020345208179 707.0968861791908 812.0176086967557 698.5010772227841 806.507965479182
0 175.7471341112146 680.8976171345653 214.96305399227995 656.6819253649326 222.92286588878542 669.5723828654347 183.70694600772006 693.7880746350675
0 1014.1774488121094 517.4445247788593 1020.7580841004825 522.5517881557979 1003.9525511878907 544.2054752211408 997.3719158995176 539.0982118442022
0 567.9677322985843 819.5394979816504 575.6289755838972 811.7579973986492 606.0922677014156 841.7505020183496 598.4310244161028 849.5320026013508
0 562.2277322985843 829.6794979816503 569.8889755838971 821.8979973986492 600.3522677014156 851.8905020183496 592.6910244161028 859.6720026013508
0 464.9284807646885 839.0144418840464 478.2935617706602 825.4395713615031 564.4815192353116 910.2955581159536 551.1164382293399 923.8704286384968
