0 50.34036463046471 924.0320261121989 62.823612661046475 922.7393472630735 66.5296353695353 958.5279738878011 54.04638733895353 959.8206527369265
0 379.8373081235024 566.2162500389973 424.4685197222705 560.2366303833685 448.95269187649757 742.9837499610028 404.32148027772945 748.9633696166316
0 812.9242651081045 78.06407616283491 831.6189078623268 60.18203958161724 951.7057348918956 185.7259238371651 933.0110921376734 203.6079604183828
0 314.2687427977615 24.767405300842913 444.27443683525036 2.0244961238966717 450.17125720223856 35.73259469915709 320.1655631647497 58.47550387610333
0 274.63070945834437 876.2091153861156 300.32872993820826 873.8074818969055 310.97929054165564 987.7708846138844 285.28127006179176 990.1725181030945
0 197.34620324483998 920.1548386040237 212.91167738038578 919.4822206324717 215.55379675516 980.6251613959763 199.9883226196142 981.2977793675283
0 408.0827233535358 795.7684830131162 452.2104361651425 791.6444847085139 469.21727664646414 973.6215169868839 425.0895638348575 977.7455152914862
0 77.19685709433035 918.0879078616025 94.16283314786624 917.1847154397745 96.89314290566965 968.4720921383974 79.92716685213377 969.3752845602254
0 184.34963288583506 920.0919386022299 198.45646823846064 919.4823515830826 200.97036711416493 977.6580613977701 186.86353176153935 978.2676484169174
0 399.01915835933994 199.64472271922452 470.2946882887728 130.08922736998178 811.59084164066 479.8252772807755 740.3153117112271 549.3807726300182
0 974.3887505270254 656.2241562555813 991.5634058039907 638.7799131903918 1019.5112494729747 666.2958437444187 1002.3365941960094 683.7400868096082
0 1002.8628848488386 568.2600717308785 1016.8423566368283 580.770546083548 977.7171151511614 624.4899282691215 963.7376433631716 611.979453916452
0 725.8624836316915 85.11504130758428 776.8553695386308 35.352725375929055 1017.4675163683085 281.91495869241567 966.4746304613691 331.67727462407095
