0 849.42 847.49 872.8000000000001 847.49 872.8000000000001 962.48 849.42 962.48
0 838.55 352.87 887.27 352.87 887.27 561.1899999999999 838.55 561.1899999999999
0 632.5811151483136 303.8887834730606 647.808924773827 304.49822092606485 646.4588848516863 338.2312165269394 631.231075226173 337.62177907393516
0 248.29000000000002 141.87 274.05 141.87 274.05 150.37 248.29000000000002 150.37
0 186.38307300394337 185.07456455182535 201.5657032163578 185.9866170903777 199.52692699605666 219.92543544817465 184.34429678364222 219.0133829096223
0 901.95 152.51000000000002 935.95 152.51000000000002 935.95 162.4 901.95 162.4
0 714.27 952.89 783.31 952.89 783.31 971.6899999999999 714.27 971.6899999999999
0 616.47 152.44 630.69 152.44 630.69 185.20999999999998 616.47 185.20999999999998
0 178.18 137.04000000000002 188.57 137.04000000000002 188.57 164.87 178.18 164.87
0 731.79 970.4 764.76 970.4 764.76 983.0300000000001 731.79 983.0300000000001
0 621.53 973.5 664.29 973.5 664.29 988.69 621.53 988.69
0 874.5699999999999 421.27 896.47 421.27 896.47 493.39 874.5699999999999 493.39
0 188.94000000000003 138.16000000000003 197.47 138.16000000000003 197.47 166.5 188.94000000000003 166.5
0 637.49 149.35000000000002 646.46 149.35000000000002 646.46 182.12 637.49 182.12
0 628.9200000000001 922.1 638.0 922.1 638.0 946.6999999999999 628.9200000000001 946.6999999999999
0 626.88 398.35 648.6999999999999 398.35 648.6999999999999 457.11 626.88 457.11
0 613.97 405.03000000000003 630.0 405.03000000000003 630.0 459.33 613.97 459.33
0 627.5999999999999 149.04000000000002 638.73 149.04000000000002 638.73 181.19 627.5999999999999 181.19
0 836.8000000000001 598.95 874.64 598.95 874.64 715.4300000000001 836.8000000000001 715.4300000000001
0 175.0 218.58000000000004 228.19 218.58000000000004 228.19 360.24 175.0 360.24
0 247.00000000000003 148.83 270.44000000000005 148.83 270.44000000000005 159.65 247.00000000000003 159.65
0 623.77 248.14 634.1500000000001 248.14 634.1500000000001 283.75 623.77 283.75
0 166.16000000000003 534.1400000000001 210.0 534.1400000000001 210.0 648.75 166.16000000000003 648.75
0 625.2414440277017 476.61591857883303 650.6097006417339 477.88538947830824 644.9585559722983 590.8140814211671 619.5902993582662 589.5446105216919
0 326.48796780447014 129.61304189277453 370.66962580293205 126.81768923041696 371.64203219552985 142.18695810722548 327.46037419706795 144.98231076958305
0 278.0857860953631 129.0647999401198 313.62472536180155 126.81626801541793 314.9242139046369 147.35520005988022 279.38527463819844 149.60373198458208
0 607.82 142.85999999999999 639.35 142.85999999999999 639.35 151.83 607.82 151.83
0 625.8126010237402 616.0777312161047 643.290730580652 616.9523666783416 640.4873989762598 672.9722687838953 623.0092694193479 672.0976333216583
0 609.67 134.82 641.82 134.82 641.82 142.86 609.67 142.86
0 621.1014159325346 918.0194114730232 629.4597439882671 918.1866003265795 628.8585840674655 948.2405885269768 620.500256011733 948.0733996734205
0 248.55 127.7 273.53000000000003 127.7 273.53000000000003 143.16 248.55 143.16
0 278.85569448511393 970.3795267715748 289.86270049713715 961.0483575709181 327.39430551488607 1005.3204732284253 316.38729950286285 1014.6516424290819
0 633.78 254.08 646.77 254.08 646.77 281.53000000000003 633.78 281.53000000000003
0 601.4078624569568 777.5181883805197 624.1767239664443 777.7458845855386 623.3621375430432 859.2018116194803 600.5932760335556 858.9741154144614
0 448.08031708164793 128.72341172941498 495.66763054053496 132.53853921950326 494.1196829183521 151.84658827058502 446.5323694594651 148.03146078049673
0 175.29 176.76999999999998 187.53 176.76999999999998 187.53 223.88 175.29 223.88
0 894.87 421.27 921.0400000000001 421.27 921.0400000000001 495.52 894.87 495.52
0 828.27 732.86 850.9000000000001 732.86 850.9000000000001 804.83 828.27 804.83
0 968.1 142.60999999999999 1017.87 142.60999999999999 1017.87 161.16 968.1 161.16
0 905.35 146.32 926.68 146.32 926.68 152.51 905.35 152.51
0 623.8499999999999 953.4 712.47 953.4 712.47 975.3000000000001 623.8499999999999 975.3000000000001
0 846.45 725.1 873.5 725.1 873.5 818.5500000000001 846.45 818.5500000000001
0 562.37 133.59 585.87 133.59 585.87 144.1 562.37 144.1
0 863.35 201.20000000000002 886.85 201.20000000000002 886.85 311.77 863.35 311.77
0 389.95233703932934 131.61414289068293 428.8246112439847 129.15471243667739 429.7376629606707 143.58585710931706 390.86538875601536 146.0452875633226
0 844.12 205.47 864.9499999999999 205.47 864.9499999999999 312.8 844.12 312.8
0 634.1500000000001 203.63 646.77 203.63 646.77 240.35000000000002 634.1500000000001 240.35000000000002
0 927.61 146.63 958.83 146.63 958.83 154.98000000000002 927.61 154.98000000000002
0 621.503455280767 776.1496162732044 645.9822312909669 776.3944121932248 645.1765447192331 856.9603837267955 620.6977687090332 856.7155878067751
0 827.53 844.1500000000001 852.01 844.1500000000001 852.01 959.51 827.53 959.51
0 613.46 253.48000000000002 623.77 253.48000000000002 623.77 280.1 613.46 280.1
0 586.8 406.35999999999996 605.52 406.35999999999996 605.52 462.45 586.8 462.45
0 666.87 971.18 715.3000000000001 971.18 715.3000000000001 985.34 666.87 985.34
0 875.0500000000001 138.29 904.42 138.29 904.42 151.27 875.0500000000001 151.27
0 603.2900000000001 406.35999999999996 616.65 406.35999999999996 616.65 461.56 603.2900000000001 461.56
