0 769.0651060060699 10.12257513551878 796.6650775775221 25.20050832462097 738.0648939939302 132.46742486448125 710.464922422478 117.38949167537905
0 37.50703732675815 915.4387097533306 80.45324199828482 897.1198777951697 84.26296267324184 906.0512902466694 41.31675800171517 924.3701222048303
0 304.6856849664105 807.1088562446321 372.6959496414717 791.6728108045552 376.99431503358943 810.611143755368 308.98405035852824 826.0471891954448
0 413.6481815988433 781.8614878577338 527.410249975321 764.2972088031978 531.0418184011567 787.8185121422663 417.27975002467906 805.3827911968023
0 91.71115747549685 872.37254005559 136.0535768296977 846.7958720588358 142.65884252450314 858.2474599444099 98.31642317030229 883.8241279411641
0 22.12315999153082 910.8543893172623 74.87077137907995 884.5110582274381 80.23684000846917 895.2556106827376 27.489228620920038 921.5989417725618
0 44.343715975013204 940.018610975692 70.98039743781905 924.2975391086399 75.9462840249868 932.711389024308 49.30960256218096 948.4324608913602
0 577.7901839769477 750.5179231693731 875.0656681682931 698.5132060871591 884.6398160230524 753.2420768306268 587.364331831707 805.2467939128409
0 39.08230238523847 926.5806004728399 72.39068468984283 912.7648388850621 77.13769761476152 924.20939952716 43.82931531015718 938.0251611149379
0 97.11865286441675 884.742485323977 146.93565886285575 856.0080806259239 152.95134713558326 866.437514676023 103.13434113714426 895.1719193740762
0 736.8526056207285 779.7755157764325 785.5637240611742 770.7511853147928 788.4673943792715 786.4244842235676 739.7562759388258 795.4488146852073
0 15.04127577092548 936.8023369842065 24.947693083248083 932.5767250718186 36.58872422907452 959.8676630157936 26.68230691675192 964.0932749281815
0 164.04803941390355 828.8993188604989 276.0521472368984 808.1491879988644 280.28196058609643 830.9806811395013 168.27785276310163 851.7308120011357
0 320.0280994994344 835.3435251344343 379.5814678839875 821.1992537126285 383.3619005005656 837.1164748655657 323.8085321160125 851.2607462873715
0 314.7977036232767 824.4507768211735 374.35107200782977 810.3065053993677 377.57229637672333 823.8692231788265 318.01892799217023 838.0134946006323
