0 880.8675117033004 774.1527612667409 963.0247081233904 778.2640477309468 962.3524882966997 791.697238733259 880.1952918766096 787.5859522690531
0 147.26913814439033 762.4765352519606 174.9406137619774 773.2092812726806 172.13086185560965 780.4534647480394 144.45938623802257 769.7207187273194
0 313.2771276965685 796.8863114352379 479.74454296568615 852.0518491704864 470.8328723034315 878.943688564762 304.36545703431386 823.7781508295135
0 835.36 864.9 892.5200000000001 864.9 892.5200000000001 877.4 835.36 877.4
0 255.82977802231028 95.58471982784698 411.6408549723062 182.73900371385247 398.66022197768973 205.945280172153 242.8491450276938 118.7909962861475
0 812.9200000000001 893.42 915.48 893.42 915.48 919.6999999999999 812.9200000000001 919.6999999999999
0 88.87052219699875 810.3402829739522 97.16823168415739 815.7766804269276 75.32947780300124 849.1097170260479 67.0317683158426 843.6733195730725
0 58.64908797832764 780.0132836990045 68.19312681385993 786.2662368177997 40.38091202167236 828.7167163009955 30.836873186140064 822.4637631822003
0 84.62746719734888 790.1666353584804 93.68593442000288 796.6335566952606 59.78253280265112 844.1233646415195 50.72406557999712 837.6564433047394
0 508.60110497399904 855.7309483493656 681.5017955445835 887.1936055832199 677.0188950260008 911.8290516506344 504.11820445541645 880.36639441678
0 128.77919947208284 826.3737612788498 139.72849555947266 833.5473946114555 111.91080052791715 876.0062387211503 100.96150444052735 868.8326053885446
0 822.01 879.54 908.01 879.54 908.01 895.56 822.01 895.56
0 321.96572298034783 774.9408279583713 490.5974801930723 825.2627005323202 483.31427701965214 849.6691720416286 314.6825198069277 799.3472994676797
0 189.05209444403468 771.8754187760062 222.50415171119843 783.3335802600488 220.04790555596534 790.5045812239939 186.5958482888016 779.0464197399513
0 65.20326231668271 794.5411006607026 73.50097180384137 799.9774981136779 51.65673768331729 833.3188993392973 43.35902819615863 827.882501886322
