0 335.87539695365354 384.4257814421177 347.8030208419701 378.31908115645933 382.16460304634643 445.43421855788233 370.23697915802984 451.5409188435407
0 304.21098581254347 295.47757011630097 319.95042241472805 286.39907710006685 349.8190141874565 338.182429883699 334.0795775852719 347.2609228999331
0 223.68244278068718 475.29648957562335 232.01968407550189 470.5980528577312 244.3475572193128 492.4735104243766 236.0103159244981 497.1719471422688
0 341.607733161522 366.00911717416056 361.23490530610263 355.96040513693913 411.542266838478 454.22088282583945 391.91509469389734 464.2695948630609
0 551.3707751381617 388.3824956239297 689.6610534859587 306.7630413590988 703.6692248618383 330.4975043760703 565.3789465140412 412.1169586409012
0 228.92381733570224 464.75890142002453 237.26105863051694 460.0604647021324 253.26618266429776 488.4610985799755 244.92894136948306 493.15953529786765
0 249.7938847338918 499.2589324666671 265.6047706145681 490.7607922190463 292.93611526610823 541.6110675333327 277.1252293854319 550.1092077809535
0 171.77400828355712 380.39369509622196 180.65276759705108 375.6214804056361 190.48599171644287 393.916304903778 181.6072324029489 398.68851959436387
0 270.70955670967936 493.0880596160787 295.9389983631433 483.4997660320014 320.38044329032067 547.8119403839214 295.15100163685673 557.4002339679987
0 438.92128363623254 451.2571499924215 522.2687752824771 405.3788845906087 535.5587163637675 429.5228500075785 452.21122471752284 475.40111540939125
