0 791.3086660304565 1004.5019107390619 803.960859872201 1017.5290973497972 798.7313339695435 1022.608089260938 786.079140127799 1009.5809026502027
0 789.6379904732795 956.9947182793834 807.1740983475476 975.0505710873243 801.0120095267206 981.0352817206166 783.4759016524525 962.9794289126756
0 891.4728863833438 901.1467120287979 905.7623409920543 915.8596854531471 901.5371136166561 919.963287971202 887.2476590079457 905.2503145468528
0 928.1959371289729 982.4812352158365 941.0153405809608 995.6805872883876 936.0440628710271 1000.5087647841635 923.2246594190392 987.3094127116124
0 755.857445632913 995.6670957256209 771.1156458316453 1012.6896374481547 764.9425543670869 1018.2229042743792 749.6843541683546 1001.2003625518454
0 442.70512239371635 614.998142606238 465.42005320598844 626.252227117814 461.1048776062836 634.961857393762 438.3899467940115 623.7077728821861
0 938.9006045491743 939.487764768162 949.1561273107646 950.0472464262031 944.5793954508257 954.492235231838 934.3238726892354 943.932753573797
0 917.4006045491743 961.6877647681621 927.6561273107646 972.2472464262031 923.0793954508257 976.692235231838 912.8238726892354 966.132753573797
0 993.4455766695813 986.879831287905 1004.474443878547 998.2355782068445 1000.4644233304188 1002.130168712095 989.435556121453 990.7744217931555
0 879.8549981912997 999.2452850158948 890.9117336686393 1010.6297261784703 886.3350018087003 1015.0747149841052 875.2782663313608 1003.6902738215297
0 961.0185222532606 918.5048620141287 971.2740450148509 929.0643436721697 966.0014777467394 934.1851379858714 955.7459549851491 923.6256563278304
0 1007.150282362271 943.235411552763 1002.9288674428734 961.3295005344798 995.4497176377289 959.5845884472369 999.6711325571265 941.4904994655201
0 949.9025191059411 961.511148604166 960.9313863149068 972.8668955231055 956.3474808940589 977.3188513958339 945.3186136850932 965.9631044768944
0 923.6873328692502 869.213150616634 937.9767874779607 883.9261240409833 933.3426671307498 888.4268493833661 919.0532125220393 873.7138759590168
0 760.8132402684333 985.2963771063519 778.761315655306 1005.3198306023683 772.0967597315667 1011.293622893648 754.1486843446941 991.2701693976317
0 457.78174690386857 749.4005095638178 601.7330890654404 805.2339322592078 585.5182530961314 847.0394904361823 441.5669109345597 791.2060677407923
0 896.0606045491743 983.287764768162 906.3161273107646 993.847246426203 901.7393954508257 998.2922352318379 891.4838726892353 987.7327535737969
0 853.8312488374736 939.5010184629925 867.3821943342759 953.4535944309882 862.2387511625263 958.4489815370075 848.687805665724 944.4964055690118
0 988.7863910849462 992.1980794806288 999.313629463182 1003.0373300141207 995.3036089150537 1006.9319205193713 984.7763705368179 996.0926699858794
0 841.3564755884138 909.2847392194557 858.1958767533347 926.623235936497 852.9735244115861 931.6952607805443 836.1341232466652 914.356764063503
0 928.0561198021338 861.6965374057427 944.9373233696157 879.078075488238 939.7938801978661 884.0734625942573 922.9126766303842 866.691924511762
0 965.5240740115215 945.46529875364 976.3857316102439 956.6488802107637 972.4259259884785 960.49470124636 961.5642683897562 949.3111197892364
0 904.6459683299474 888.4153312583603 919.5554919099768 903.7667516036101 913.8740316700525 909.2846687416397 898.9645080900232 893.9332483963899
0 750.7859788225074 1004.4289809161085 763.6479874764694 1018.778253837947 757.9440211774926 1023.8910190838915 745.0820125235306 1009.541746162053
0 975.0273544414085 933.227016408711 985.9865509794395 944.5110277185606 981.4026455585915 948.962983591289 970.4434490205606 937.6789722814394
0 938.8062721146032 971.9067063345334 950.1904597453358 983.6283048598317 945.6137278853969 988.0732936654666 934.2295402546642 976.3516951401683
0 798.2004778150663 998.0344065152702 812.4829653566833 1012.7402063787105 807.3395221849337 1017.7355934847297 793.0570346433167 1003.0297936212895
0 769.8344812473241 980.9107315994405 785.0926814460564 997.9332733219743 779.4855187526758 1002.9592684005594 764.2273185539435 985.9367266780256
0 460.6129337133619 522.2505697121286 488.30738212452496 535.2885767377987 484.19706628663806 544.0194302878714 456.502617875475 530.9814232622012
0 851.4319942815196 903.5508197348157 865.72144889023 918.263793159165 860.5780057184804 923.2591802651842 846.28855110977 908.546206840835
0 472.70732680453233 921.0442603648722 491.8115084188668 938.4880886386924 481.0026731954677 950.3257396351277 461.8984915811332 932.8819113613075
0 918.8328596435364 876.2929485839855 931.5477570891222 889.3846972429018 926.3971403564636 894.3870514160145 913.6822429108778 881.2953027570983
0 911.5981519213955 999.2933428066988 924.7829189567725 1011.8248238932597 920.9318480786045 1015.8766571933013 907.7470810432275 1003.3451761067404
0 955.6441913296288 923.6492812346153 965.8997140912192 934.2087628926563 961.3158086703712 938.6607187653847 951.0602859087809 928.1012371073436
0 804.9066701003169 943.3827990843276 821.7530383323312 960.728469362278 815.8133298996831 966.4972009156725 798.9669616676688 949.1515306377221
0 912.1006045491744 966.987764768162 922.3561273107647 977.5472464262031 917.7793954508257 981.992235231838 907.5238726892354 971.432753573797
0 811.8340645955208 985.6359229817235 826.1165521371378 1000.3417228451638 820.9659354044792 1005.3440770182765 806.6834478628622 990.6382771548363
0 900.5343770934429 1009.0733664170994 909.8493457974145 1018.664417352426 905.9756229065571 1022.4266335829006 896.6606542025855 1012.835582647574
0 923.5006045491743 956.987764768162 933.7561273107647 967.5472464262031 929.1793954508257 971.992235231838 918.9238726892354 961.432753573797
0 953.9574158590333 955.4832189181673 964.9793160009056 966.8317922761978 960.4025841409666 971.2767810818327 949.3806839990943 959.9282077238022
0 829.5909373230048 966.077579641185 844.7025058487449 981.6370332527957 839.5590626769953 986.632420358815 824.4474941512552 971.0729667472043
0 911.8090812665839 881.9403208730713 923.7715354660747 894.257324953816 918.6209187334161 899.2596791269287 906.6584645339253 886.942675046184
0 823.1255810619741 971.5823362012691 837.4150356706846 986.2953096256183 832.264418938026 991.297663798731 817.9749643293155 976.5846903743818
0 937.7579776483391 855.8368422076712 952.0474322570495 870.5498156320205 947.1120223516608 875.3431577923288 932.8225677429504 860.6301843679796
0 971.8563910849463 1008.0180794806288 982.383629463182 1018.8573300141206 978.3736089150538 1022.7519205193712 967.846370536818 1011.9126699858793
0 899.1007524719956 895.6065425667671 911.3070540197581 908.1746212793266 906.4792475280043 912.863457433233 894.2729459802418 900.2953787206734
0 311.2523606286915 990.0526160401164 320.23426544458044 981.287464251453 344.3576393713085 1006.0073839598836 335.37573455541957 1014.7725357485469
0 902.3006045491743 977.487764768162 912.5561273107646 988.0472464262031 907.9793954508257 992.492235231838 897.7238726892353 981.932753573797
0 933.2977451880987 944.2914833090773 944.4589866718403 955.7835278852878 939.8822548119014 960.2285166909227 928.7210133281598 948.7364721147122
0 875.0549981912997 1005.3652850158948 886.1117336686392 1016.7497261784703 881.5350018087003 1021.1947149841052 870.4782663313607 1009.8102738215297
0 255.4677063768337 965.2693228124391 295.1000763029001 1006.9013495952348 282.4322936231663 1018.9606771875609 242.79992369709987 977.3286504047652
0 819.2955938797915 927.268536715261 836.0030497187798 947.0722994735918 829.6744061202086 952.411463284739 812.9669502812202 932.6077005264083
0 778.2809702801774 975.2190225173289 792.5646747531814 991.1543852847052 786.3990297198227 996.6809774826712 772.1153252468187 980.7456147152949
0 907.1270931360345 1005.9462445074505 918.1629274120937 1017.309164987299 914.1529068639654 1021.2037554925496 903.1170725879063 1009.8408350127011
0 970.3231343711141 938.9860411409845 981.400771049734 950.392002986287 976.816865628886 954.8439588590154 965.7392289502661 943.4379970137129
0 891.7406045491743 988.927764768162 901.9961273107647 999.487246426203 897.4193954508257 1003.9322352318379 887.1638726892354 993.3727535737969
0 484.2867714247495 562.8418815226759 500.62991451242823 569.5598108179021 483.1032285752505 612.1981184773241 466.76008548757176 605.4801891820979
0 981.6963910849463 996.8580794806288 992.2236294631821 1007.6973300141207 988.2136089150538 1011.5919205193712 977.686370536818 1000.7526699858794
0 922.4455766695813 987.879831287905 933.474443878547 999.2355782068445 929.4644233304188 1003.130168712095 918.435556121453 991.7744217931555
0 868.4573887330362 1009.8098954438128 876.5043512259958 1018.0953582937022 872.0926112669638 1022.3801045561872 864.0456487740041 1014.0946417062978
0 860.0 820.4000000000001 901.1600000000001 820.4000000000001 901.1600000000001 858.24 860.0 858.24
0 965.4878994343937 911.2177250658658 976.9974942728088 923.068447687526 971.7321005656063 928.1822749341343 960.2225057271912 916.3315523124741
0 976.5363910849462 1002.4980794806288 987.063629463182 1013.3373300141207 983.0536089150537 1017.2319205193712 972.5263705368179 1006.3926699858794
0 948.8006045491743 929.487764768162 959.0561273107646 940.0472464262031 954.4793954508257 944.492235231838 944.2238726892353 933.932753573797
0 934.1295239094273 976.6727516822898 946.9489273614153 989.872103754841 941.9704760905726 994.7072483177103 929.1510726385847 981.5078962451591
0 885.3721210156276 993.8441779877076 895.6346108443114 1004.4108332066576 891.0578789843725 1008.8558220122925 880.7953891556887 998.2891667933425
0 813.0360804135053 938.6547172234079 828.3636280191429 954.4365512231975 822.4239195864948 960.205282776592 807.0963719808572 944.4234487768024
0 943.7655010921958 966.0300943868112 955.8812307677431 978.5049168075539 951.3044989078041 982.9499056131888 939.1887692322568 970.4750831924462
0 887.1592834047032 908.914710476045 901.4487380134136 923.6276839003942 896.5707165952969 928.365289523955 882.2812619865864 913.6523160996057
0 805.2204778150663 992.3844065152703 819.5029653566833 1007.0902063787105 814.3595221849337 1012.0855934847298 800.0770346433167 997.3797936212895
0 867.1881980899706 927.113366454799 879.025245081779 939.3012464391818 873.8818019100294 944.2966335452011 862.044754918221 932.1087535608183
0 874.5148714571917 920.781926763003 889.5985717145579 936.3126861309777 884.4551285428083 941.308073236997 869.3714282854421 925.7773138690222
0 861.7873216955429 933.3475213509098 876.9197914225633 948.9284956452475 871.252678304457 954.4324786490902 856.1202085774366 938.8515043547525
0 549.4803177296232 288.8337291055026 591.6403619545025 307.15779991294653 529.3496822703768 450.47627089449736 487.1896380454974 432.1522000870534
0 848.5999134965454 946.2433946348976 861.7607032361133 959.7942511919896 856.6100865034547 964.7966053651023 843.4492967638868 951.2457488080104
0 817.3404778150663 979.3044065152702 831.6229653566833 994.0102063787104 826.4795221849337 999.0055934847297 812.1970346433167 984.2997936212895
