0 892.3931239448715 487.8256283170599 954.4000616623151 512.5919880597648 947.7568760551286 529.22437168294 885.749938337685 504.4580119402352
0 61.10989685783096 165.69201927983482 72.94304789099407 167.96776896430168 63.50010314216904 217.06798072016517 51.66695210900593 214.7922310356983
0 669.2662927577368 842.0299419537898 692.0280715430298 849.8264172169704 652.5337072422632 965.1300580462103 629.7719284569702 957.3335827830297
0 574.423452233066 700.0076938098612 611.8583477664843 712.8300764434462 540.7665477669341 920.3823061901389 503.3316522335158 907.5599235565539
0 803.7675266711681 606.1033714111257 891.8366421791027 650.83947868087 882.5524733288319 669.1166285888743 794.4833578208973 624.38052131913
0 37.943521072166284 133.61751504664278 51.50948022027941 135.52925571726882 43.996478927833714 188.8424849533572 30.43051977972059 186.93074428273115
0 85.34589268509521 54.16145490605715 105.90983699780952 57.480053149831896 90.4241073149048 153.43854509394285 69.86016300219049 150.1199468501681
0 530.063090255202 701.6383250040537 562.1763133534378 714.4647548363546 489.156909744798 897.2816749959463 457.04368664656226 884.4552451636455
0 661.3895839940963 937.22523244502 669.6558393807043 939.8731414093492 661.7304160059036 964.61476755498 653.4641606192956 961.9668585906508
0 770.042772277015 648.58217888824 871.637874118177 695.1758284757528 860.107227722985 720.31782111176 758.5121258818231 673.7241715242473
0 641.8884110010174 791.221795407348 671.9279980764438 802.8730446252591 614.3515889989826 951.3182045926519 584.3120019235562 939.6669553747408
0 846.2899222034442 514.8946999399918 933.398665020521 549.6870399709296 926.1100777965559 567.9353000600081 839.0013349794791 533.1429600290703
0 779.1896871166638 780.9090126827264 824.5921011499994 799.0433144323272 819.6403128833362 811.4409873172735 774.2378988500005 793.3066855676727
0 575.3424834131223 137.2729352002389 755.5114968870197 191.03767256445005 745.5775165868778 224.32706479976113 565.4085031129804 170.56232743554997
0 816.1517173893459 559.2195396078008 913.0021522336202 597.9028353628809 905.3982826106541 616.9404603921993 808.5478477663797 578.2571646371192
0 380.38040847867603 560.5728076663456 425.4485032432041 578.5735780469577 325.7895915213239 828.0871923336545 280.7214967567959 810.0864219530424
0 64.7500944382586 42.627024616846455 77.96339342743497 46.28391261385033 63.5999055617414 98.18297538315355 50.386606572565036 94.52608738614967
0 743.3298535376033 733.6670098384179 842.3256152894211 766.4731564450728 835.8801464623967 785.922990161582 736.884384710579 753.1168435549271
