0 652.8637188883597 917.127139808449 725.967546500452 912.5018951163846 726.8862811116403 927.0228601915511 653.782453499548 931.6481048836155
0 483.88 926.9100000000001 514.3 926.9100000000001 514.3 939.52 483.88 939.52
0 520.24 928.02 543.23 928.02 543.23 938.04 520.24 938.04
0 503.35245706136465 749.0104925801423 514.1099766769006 760.7731186356351 470.38754293863536 800.7595074198576 459.63002332309935 788.9968813643649
0 671.0861162948496 612.9504922106039 686.7981912151539 630.4793912547179 574.4538837051504 731.1795077893962 558.7418087848461 713.6506087452822
0 607.2338497299916 925.6955821990429 632.7999911374766 924.5908136565514 633.0961502700084 931.4444178009572 607.5300088625233 932.5491863434487
0 337.5550957891138 154.8872089171427 370.56085809959507 126.90663432861767 565.4549042108862 356.8027910828573 532.4491419004049 384.78336567138234
0 401.93044272364125 934.7451347556084 424.0739520406569 932.6756915630463 424.94955727635875 942.0448652443915 402.8060479593431 944.1143084369537
0 548.43 927.28 569.9399999999999 927.28 569.9399999999999 936.1800000000001 548.43 936.1800000000001
0 783.3264971470961 668.8814470799717 803.3038698050926 651.9456659735823 850.4835028529038 707.5985529200283 830.5061301949073 724.5343340264177
0 441.098033578202 803.6476699017483 460.1540972559713 824.9072309769163 393.031966421798 885.0723300982518 373.9759027440287 863.8127690230838
0 705.1793461418969 666.359433223788 715.6090872290764 658.0422160897702 741.6206538581031 690.660566776212 731.1909127709235 698.9777839102297
