0 613.6079418775013 877.1285662527823 621.2692376428043 881.3139512047969 609.9020581224987 902.1214337472177 602.2407623571956 897.9360487952031
0 560.149309801477 964.4850907637868 566.064216268618 967.7164188939793 557.9906901985231 982.4949092362132 552.0757837313821 979.2635811060208
0 618.6209933841832 996.5653176791546 624.5446756769433 999.8014400647331 615.5890066158169 1016.1946823208453 609.6653243230568 1012.9585599352669
0 526.5960233003744 865.4224241210853 533.7435614398122 868.7873458951068 523.5039766996255 890.5375758789147 516.3564385601877 887.1726541048932
0 649.6423158230214 932.1494694275858 656.5839938875743 935.9417254379451 646.8276841769787 953.8005305724142 639.8860061124258 950.0082745620549
0 505.9144177443433 935.319354402694 512.8297683320394 939.0972276468951 504.3055822556567 954.700645597306 497.39023166796056 950.9227723531048
0 558.6945175265002 883.3759802891955 565.8511031825701 886.7451614578674 557.9754824734998 903.4740197108044 550.81889681743 900.1048385421325
0 546.3685962564903 957.1547055919641 552.2922785492503 960.3908279775426 543.3414037435098 976.775294408036 537.4177214507497 973.5391720224575
0 672.1129805808988 903.4951519543138 681.7663887616928 908.76883287896 667.8870194191012 934.1748480456863 658.2336112383072 928.9011671210401
0 525.9203812969927 945.6977148068477 531.8352877641337 948.9290429370401 522.8796187030073 965.3222851931523 516.9647122358663 962.0909570629599
0 617.0406367720731 914.1158355427582 623.982314836626 917.9080915531175 615.429363227927 933.5641644572419 608.4876851633741 929.7719084468825
0 516.826812797285 916.364869824663 523.0839764635633 919.783173914911 515.0631872027151 934.465130175337 508.8060235364367 931.0468260850889
0 625.7284104835884 920.3886966105347 631.6345411251106 923.615230485341 623.0815895164116 939.2713033894654 617.1754588748894 936.044769514659
0 647.0968111955068 985.9423266994236 657.0134941448681 991.3598352856511 640.2431888044931 1022.0576733005764 630.3265058551318 1016.6401647143489
0 652.2913917434123 893.6945539865964 660.7688392912733 898.3258046895129 647.6086082565878 922.4154460134035 639.1311607087268 917.784195310487
0 633.2735403540452 884.3476453332016 641.7509879019061 888.9788960361182 629.5064596459548 911.3923546667984 621.0290120980939 906.7611039638819
0 524.4145399281219 917.4330181077651 530.6717035944002 920.8513221980131 522.195460071878 936.3669818922349 515.9382964055997 932.9486778019868
0 557.6640859323962 846.5669727467262 564.1230935879095 850.0955447108531 552.7559140676038 870.9030272532739 546.2969064120906 867.3744552891469
0 605.4389517192681 869.3479586973499 613.6882278010376 873.8545587602293 602.3210482807319 894.6620413026501 594.0717721989624 890.1554412397707
0 530.3479841692998 991.6371027196572 536.2628906364408 994.8684308498496 527.3120158307003 1011.252897280343 521.3971093635593 1008.0215691501505
0 642.0435403540451 890.7376453332016 650.5209879019061 895.3688960361181 638.2764596459548 917.7823546667984 629.7990120980938 913.1511039638818
0 592.7985962564902 981.3847055919641 598.7222785492503 984.6208279775426 589.7714037435097 1001.005294408036 583.8477214507496 997.7691720224575
0 539.1811738864287 953.6753637689449 544.9030121899539 956.8012182806442 536.3788261135712 972.4046362310551 530.6569878100461 969.2787817193557
0 557.432142800429 936.1324060205745 563.6893064667073 939.5507101108226 555.2178571995711 955.0575939794255 548.9606935332928 951.6392898891775
0 528.9982102371366 924.9275556890291 535.2553739034149 928.3458597792771 528.2317897628634 941.202444310971 521.9746260965851 937.784140220723
0 635.0487727026289 821.2243872373846 642.5914404207613 825.0558052116916 631.7312272973711 846.4356127626155 624.1885595792387 842.6041947883085
0 542.0482102371366 931.917555689029 548.3053739034149 935.335859779277 541.2817897628634 948.1924443109709 535.024626096585 944.7741402207229
0 642.2377894415142 927.4064012639699 649.1794675060671 931.1986572743292 639.2122105584858 949.44359873603 632.2705324939329 945.6513427256707
0 595.5261527909971 959.33979743284 601.7833164572754 962.758101523088 594.6638472090029 975.7902025671601 588.4066835427246 972.3718984769121
0 557.6862018312481 1006.0630365135523 562.8376114695445 1008.877264425159 555.0037981687519 1023.2169634864476 549.8523885304555 1020.402735574841
0 569.5561527909971 944.0397974328399 575.8133164572754 947.458101523088 568.6938472090029 960.49020256716 562.4366835427246 957.071898476912
0 187.49586672825922 157.18287892880448 233.89880741533514 144.18121766603838 306.9741332717408 404.9871210711955 260.57119258466486 417.9887823339616
0 623.2564830600892 881.8375848339167 629.7154907156024 885.3661567980437 618.3435169399107 906.1824151660833 611.8845092843975 902.6538432019563
0 624.8845026395661 815.7890987824305 633.665752375081 820.3607126202912 619.8954973604339 846.8109012175694 611.114247624919 842.2392873797087
0 599.4503812969926 984.9877148068476 605.3652877641337 988.2190429370401 596.4096187030073 1004.6122851931523 590.4947122358662 1001.3809570629599
0 593.9309990799377 800.6853762455388 601.887485957755 803.5897206746864 592.9790009200624 827.9946237544613 585.0225140422451 825.0902793253136
0 605.382767330415 806.0089891175288 613.3809888740869 810.6952831904977 600.2472326695851 833.1110108824711 592.2490111259132 828.4247168095022
0 566.8310283952147 853.8378077826076 573.1437642900524 857.6218486811745 561.1489716047853 877.6321922173925 554.8362357099476 873.8481513188256
0 606.4685962564903 989.3547055919641 612.3922785492504 992.5908279775426 603.4414037435098 1008.9752944080358 597.5177214507497 1005.7391720224573
0 575.7776788076143 891.7283711758721 582.9342644636841 895.097552344544 574.2323211923857 913.5816288241278 567.0757355363158 910.2124476554559
0 602.9110519480942 961.3091467073338 609.1682156143725 964.7274507975818 600.8789480519058 979.9008532926663 594.6217843856275 976.4825492024182
0 684.0801970157474 818.4808825459611 692.8608061576069 822.5078544974272 678.8998029842526 852.949117454039 670.1191938423931 848.9221455025729
0 583.1676788076143 897.3483711758721 590.3242644636841 900.7175523445441 581.6223211923857 919.2016288241279 574.4657355363158 915.8324476554559
0 586.3479841692998 977.5871027196572 592.2628906364408 980.8184308498496 583.3120158307003 997.2028972803428 577.3971093635593 993.9715691501503
0 536.9033824301363 925.7225302791046 542.318066837 928.6805858522926 533.8466175698637 944.1874697208955 528.431933163 941.2294141477075
0 608.2294353486818 909.3047945758857 615.3769734881196 912.6697163499072 606.0105646513182 932.5652054241142 598.8630265118804 929.2002836500927
0 549.8243719307419 1003.2644709489332 555.7392783978829 1006.4957990791256 547.4356280692581 1021.6955290510668 541.5207216021171 1018.4642009208744
0 548.856152790997 935.8197974328399 555.1133164572753 939.238101523088 547.9938472090029 952.27020256716 541.7366835427246 948.851898476912
0 681.3254305624672 920.8817292743511 692.5179880447109 926.2883508633536 675.0845694375329 962.3782707256489 663.8920119552891 956.9716491366464
0 615.1530657799451 810.3953530647904 623.6948557780413 815.4001331427183 609.266934220055 840.0246469352097 600.7251442219588 835.0198668572817
0 575.6426474254008 856.5659537020658 582.6545320949049 860.3965637555134 571.2873525745993 881.2040462979342 564.2754679050952 877.3734362444866
0 598.3581604261077 905.3226232593871 606.4737828451908 909.1433002610291 597.7718395738924 927.6273767406129 589.6562171548093 923.8066997389709
0 588.5461527909971 956.5697974328399 594.8033164572754 959.988101523088 587.6838472090029 973.02020256716 581.4266835427246 969.601898476912
0 563.096152790997 941.2797974328399 569.3533164572754 944.698101523088 562.2338472090029 957.7302025671601 555.9766835427246 954.311898476912
