0 682.4218967379751 214.99798920029056 804.3414430576621 170.05326954156234 812.6981032620248 192.72201079970947 690.7785569423378 237.66673045843768
0 663.9994166754432 40.77975515278021 677.6716838211896 37.67660979760561 691.5605833245568 98.8702448472198 677.8883161788103 101.9733902023944
0 649.747699729921 46.84814507131375 663.4297188493805 43.74278634570038 675.8423002700789 98.43185492868625 662.1602811506194 101.53721365429962
0 686.4029227505129 166.674859088045 735.4291105635858 145.7625921493005 743.6370772494871 165.005140911955 694.6108894364141 185.9174078506995
0 683.2444342610713 186.63975734642173 801.6454466520311 142.99211863828782 810.0055657389287 165.67024265357827 691.6045533479689 209.31788136171218
0 736.4047611922999 270.9425123428726 913.988168328068 215.3891289170896 924.1452388077 247.8574876571274 746.5618316719319 303.4108710829103
0 595.7684128784681 112.29152689238738 603.1604089529872 110.61379209978942 609.8115871215318 139.91847310761264 602.4195910470128 141.5962079002106
0 633.9840473646498 43.571708124082726 649.1678704359244 40.125490350896676 665.2059526353503 110.78829187591728 650.0221295640756 114.23450964910333
0 682.2189931165968 114.55013331964548 690.5959385361376 112.64884811273035 701.8310068834031 162.1498666803545 693.4540614638623 164.05115188726964
0 672.3578864313774 118.55025733278893 680.7348318509182 116.6489721258738 691.9721135686225 166.15974266721105 683.5951681490817 168.06102787412618
