0 664.3634009969772 511.6692881549478 676.4576348629824 520.3034706405323 660.4965990030227 542.6607118450521 648.4023651370175 534.0265293594676
0 681.5693926982325 486.21769588803323 693.6636265642377 494.8518783736176 677.1506073017675 517.9823041119668 665.0563734357623 509.34812162638246
0 542.860155669853 734.7800259211886 563.3135911369367 741.7858361950857 521.2398443301469 864.6199740788115 500.7864088630633 857.6141638049144
0 747.6157474484986 434.0425152824937 759.7099813145038 442.67669776807804 726.1842525515013 489.63748471750625 714.0900186854961 481.0033022319219
0 708.2455092303707 502.64330625091037 720.3397430963759 511.27748873649483 696.1744907696294 545.1266937490897 684.0802569036242 536.4925112635052
0 468.7032464421088 616.3974640735049 481.17731731732067 612.0803405172243 502.21675355789114 672.8725359264951 489.7426826826793 677.1896594827757
0 304.9279420821682 111.70037310377164 333.8173371162935 102.66290915849054 392.62205791783174 290.6396268962283 363.73266288370644 299.6770908415094
0 454.1947786412928 699.9217877388479 476.24450780714494 708.221368674809 430.5052213587072 829.7382122611522 408.4554921928551 821.4386313251911
0 442.949266691118 74.26160632499074 467.3243955041857 66.63633942170435 507.11073330888195 193.81839367500925 482.73560449581424 201.44366057829563
0 758.0357474484987 447.3825152824937 770.1299813145039 456.0166977680781 736.6042525515014 502.9774847175063 724.5100186854962 494.34330223192194
0 501.64633816876983 621.0025446418997 517.0404756352244 615.6748217076715 537.3636618312302 674.3974553581004 521.9695243647756 679.7251782923286
0 483.8563381687698 617.4925446418997 499.2504756352244 612.1648217076715 519.5736618312301 670.8874553581004 504.17952436477555 676.2151782923286
0 500.86708578260294 717.6488345487954 521.2322006658347 725.3143218648614 475.4929142173971 846.8311654512046 455.1277993341652 839.1656781351386
0 675.9703233059491 522.5847907122305 688.072695956521 531.2247835494203 671.5596766940508 554.3552092877695 659.457304043479 545.7152164505798
0 561.1590487382643 537.5394307403277 583.953032468896 530.6582676345951 607.3709512617356 608.2305692596723 584.576967531104 615.1117323654049
0 453.70609660456114 217.8165830940128 473.8312658127528 211.96003425176332 495.1339033954389 285.1634169059872 475.0087341872472 291.0199657482367
0 515.8006702276704 610.3816595801471 531.194807694125 605.053936645919 555.7893297723296 676.1183404198529 540.395192305875 681.446063354081
0 684.2494342125804 157.54499993353073 713.690924988887 143.56978183617537 799.6005657874196 324.5550000664693 770.1590750111129 338.53021816382466
0 521.1747786412927 727.5717877388479 543.224507807145 735.871368674809 497.48522135870724 857.3882122611521 475.43549219285507 849.088631325191
0 276.9267941379597 114.39912263575685 304.54129158202426 106.36313290755574 348.75320586204026 258.29087736424316 321.1387084179757 266.3268670924443
0 406.05501224482134 70.23851919549055 441.4852958222199 59.928087311950165 484.46498775517864 207.62148080450947 449.0347041777801 217.93191268804986
0 694.040091628151 496.6873031773539 706.1343254941562 505.3214856629383 688.499908371849 530.0226968226463 676.4056745058438 521.3885143370618
0 650.1499442597036 503.19302671763216 662.2441781257088 511.8272092032166 646.0100557402965 534.5669732823678 633.9158218742913 525.9327907967834
0 486.8112648368312 323.23309415997755 521.8891288986141 310.6989028073983 596.858735163169 520.5069058400225 561.780871101386 533.0410971926017
0 477.72445812541116 709.6235491100142 499.76482832302656 717.9196073036426 454.02554187458884 839.4364508899857 431.98517167697344 831.1403926963574
0 402.87935062848544 334.3909241807985 438.2008664664361 322.5607500946152 516.6706493715145 556.8490758192015 481.3491335335639 568.6792499053848
0 669.0739110647244 474.8566576499734 681.1681449307296 483.49084013555773 662.7260889352756 509.32334235002656 650.6318550692704 500.6891598644422
0 334.6110516974763 101.02655212311849 363.5004467316016 91.98908817783739 424.21894830252376 286.0834478768815 395.32955326839846 295.1209118221626
