0 345.35818567138216 158.3667958392582 364.3257628326658 130.49933961105626 416.8118143286178 166.22320416074177 397.84423716733414 194.09066038894372
0 350.0479127105131 176.28925556011077 355.730871159904 167.93976555996719 406.3320872894869 202.38074443988924 400.649128840096 210.73023444003283
0 341.2408382851399 68.50079884859484 352.14008181029084 80.41839049202075 300.5291617148601 127.61920115140516 289.62991818970914 115.70160950797926
0 375.1946530571153 121.57193403878468 380.8776115065062 113.2224440386411 423.62534694288473 142.31806596121532 417.94238849349387 150.66755596135891
0 304.6177881847721 132.46582612414304 321.52711794444616 148.2184978682823 215.83221181522794 261.674173875857 198.92288205555394 245.9215021317177
0 366.09569115525807 130.98911655405828 371.77302291311486 122.64789337569704 426.094308844742 159.62088344594173 420.4169770868852 167.96210662430298
0 352.8232809220597 80.66016572972347 366.33435972413764 93.76143092069032 318.3567190779402 143.23983427027653 304.8456402758623 130.1385690793097
0 318.83465868832826 174.16054783179885 342.4964864284395 193.68950858236883 261.6053413116718 291.69945216820116 237.94351357156057 272.1704914176312
0 451.8838623929231 289.24907337345894 504.346539535519 298.25464981429514 449.8461376070769 615.7509266265411 397.383460464481 606.7453501857049
0 403.1704178693266 92.70326658226894 412.26016145940804 84.18105082188275 444.7895821306734 118.87673341773107 435.699838540592 127.39894917811726
