0 679.3655523942867 73.32570249011249 720.8136882006778 75.39983801484564 709.3944476057133 303.5942975098875 667.9463117993222 301.52016198515435
0 690.6 660.31 700.4 660.31 700.4 697.26 690.6 697.26
0 547.6508710284254 828.2880683797144 681.521642298859 845.7899739747994 678.4791289715747 869.0619316202855 544.6083577011411 851.5600260252005
0 549.5750065445571 852.9381641088352 682.067506782727 870.2598782456788 679.0249934554428 893.5318358911649 546.5324932172729 876.2101217543212
0 721.4358085388312 72.78545884296415 762.8939318478263 74.86009415939003 751.4741914611689 303.0645411570359 710.0160681521738 300.98990584061
0 701.7696492661199 13.983660552511267 709.1021960926815 9.947491944006192 729.2203507338801 46.49633944748872 721.8878039073185 50.5325080559938
0 527.0335464362179 840.0053281934447 551.9124683825346 841.7497028060427 543.4864535637821 961.9246718065554 518.6075316174654 960.1802971939574
0 707.4318376577651 721.6161962449077 723.8187194070051 722.2720213255685 721.4081623422348 782.5038037550922 705.0212805929948 781.8479786744314
0 715.5657149275194 634.5009277175168 733.9725328839245 635.6066639969977 729.0542850724805 717.4790722824832 710.6474671160754 716.3733360030024
0 693.8000000000001 722.1999999999999 705.58 722.1999999999999 705.58 781.84 693.8000000000001 781.84
0 689.8163316079003 13.015984829988508 697.1576389444101 8.974994036765985 721.9436683920997 54.004015170011485 714.6023610555899 58.045005963234004
0 700.8 651.4 712.71 651.4 712.71 698.15 700.8 698.15
0 456.70747288934507 503.2300054493399 586.1338627051415 508.40982390653454 585.1425271106549 533.1799945506602 455.71613729485836 528.0001760934656
0 719.2767756377508 8.267960086198254 732.6190322887104 0.9237727615229439 759.3532243622493 49.49203991380175 746.0109677112897 56.83622723847705
0 559.0864695885194 805.2129463006576 687.3747473973386 821.9850116727936 684.3335304114806 845.2470536993425 556.0452526026614 828.4749883272065
0 708.0563316079003 6.605984829988515 715.3976389444101 2.564994036765988 740.1836683920997 47.59401517001149 732.8423610555899 51.635005963234015
