0 654.6214516960443 400.5599343482088 673.8741860009326 401.90983130182315 665.5985483039557 519.9400656517912 646.3458139990674 518.5901686981769
0 739.8545510411509 471.8633167467669 751.7263076186539 472.9346690532072 746.8854489588491 526.5766832532332 735.0136923813461 525.5053309467929
0 567.6162313665506 440.4610871307087 614.9686694626367 431.1977666484883 617.4337686334494 443.7989128692913 570.0813305373632 453.0622333515117
0 691.4420386163282 523.2649392697564 711.1729712137914 525.244635921863 703.3879613836717 602.8350607302435 683.6570287862086 600.8553640781369
0 701.4357105798207 374.4053335223127 728.6289508467252 376.31197554073384 718.4242894201792 521.8546664776874 691.2310491532747 519.9480244592662
0 463.91955192249054 406.8907504149124 625.9220288449568 385.18591291296855 630.0704480775095 416.14924958508755 468.0679711550432 437.8540870870314
0 565.665271436967 426.9611801423049 613.0177095330532 417.69785966008453 615.4847285630331 430.3088198576951 568.1322904669469 439.57214033991545
0 589.9754586799106 271.4649199197872 718.9778331395662 260.70899672506226 721.2345413200894 287.77508008021283 592.2321668604338 298.53100327493775
0 598.6591508054811 299.56017643096874 727.6714906861067 288.8034223422157 730.1608491945188 318.6598235690313 601.1485093138932 329.41657765778433
0 675.5357466794933 388.99462124793365 699.8460645556656 390.69912843754935 690.3142533205066 526.6453787520663 666.0039354443343 524.9408715624506
0 363.67244667573476 761.3345234756275 404.652251208657 767.9478222321848 374.43755332426525 955.1754765243725 333.457748791343 948.5621777678152
0 576.2840307226177 238.43483944482907 724.4798059709403 226.07861435183915 727.2059692773823 258.77516055517094 579.0101940290597 271.13138564816086
0 462.06636481188497 359.908006682547 629.4071746549973 344.2690085991869 633.203635188115 384.89199331745294 465.8628253450027 400.53099140081304
0 329.1408345272553 861.8882647873791 348.27329927907493 864.975851631563 335.49916547274466 944.1317352126209 316.36670072092505 941.0441483684369
0 707.2099999999999 211.0 825.16 211.0 825.16 231.0 707.2099999999999 231.0
0 703.1 190.5 825.09 190.5 825.09 211.91000000000003 703.1 211.91000000000003
0 433.91861693645666 294.34990521361254 597.3246869385415 290.56060627135815 598.2313830635434 329.66009478638745 434.82531306145864 333.44939372864184
