0 62.849999999999994 802.71 141.19 802.71 141.19 820.0699999999999 62.849999999999994 820.0699999999999
0 171.989194821565 115.64276125899111 285.66842070457943 127.04872911089124 283.04080517843494 153.2372387410089 169.3615792954205 141.83127088910877
0 797.5351453532157 896.6854382868933 884.0909696704712 853.4575332166678 892.4148546467843 870.1245617131067 805.8590303295289 913.3524667833321
0 104.80500936168055 620.9287127466653 121.64657007691336 622.4485590136037 115.04499063831945 695.6012872533347 98.20342992308663 694.0814409863963
0 120.99641691175805 629.6845813119066 133.68485473033084 630.8296340286893 128.48358308824194 688.4654186880935 115.79514526966915 687.3203659713108
0 297.6900724955406 169.32098994373607 364.6253070737616 174.687261643766 362.9199275044594 195.9590100562639 295.98469292623844 190.59273835623398
0 213.2929870243749 384.58036647429293 304.70036119212415 399.33163922470595 301.5570129756251 418.80963352570706 210.14963880787582 404.05836077529403
0 63.74 817.85 134.07 817.85 134.07 831.1999999999999 63.74 831.1999999999999
0 805.7474581594248 914.6757403924902 895.9086568642621 869.6472311110709 904.2325418405752 886.3142596075098 814.071343135738 931.3427688889291
0 184.05108681762297 833.2527477280877 340.7376972624338 853.737534944852 338.4289131823771 871.3972522719124 181.74230273756623 850.9124650551481
0 152.4185953465658 348.5127169260774 201.1904006821632 352.914069480304 200.15140465343418 364.42728307392264 151.3795993178368 360.02593051969603
0 79.71906175789948 829.4389368426353 133.3610759579255 834.27979550244 132.50093824210052 843.8110631573647 78.8589240420745 838.97020449756
