0 743.9100000000001 406.76 758.53 406.76 758.53 458.36 743.9100000000001 458.36
0 612.8577813219871 655.6950622280007 734.8351506240243 661.7990181710287 733.4722186780128 689.0349377719994 611.4948493759756 682.9309818289713
0 525.4262342749823 744.6731766817911 560.3456096235525 727.6678003182506 564.5137657250177 736.226823318209 529.5943903764476 753.2321996817495
0 775.3000000000001 468.25 797.66 468.25 797.66 558.97 775.3000000000001 558.97
0 554.78 294.53999999999996 620.81 294.53999999999996 620.81 313.13 554.78 313.13
0 352.7697442723241 726.9225131182569 408.2517239808083 702.5979097786884 414.17025572767596 716.0974868817431 358.68827601919173 740.4220902213116
0 742.1899999999999 487.59999999999997 754.66 487.59999999999997 754.66 546.5 742.1899999999999 546.5
0 136.54637750685097 526.0445972270171 186.95998141723928 559.0739998974633 174.163622493149 578.605402772983 123.75001858276072 545.5760001025368
0 413.2362235058667 733.7410931635312 468.7273616791427 709.4124745378386 472.5137764941333 718.0489068364687 417.0226383208573 742.3775254621613
0 26.868796103883053 580.2778908778726 43.59361199528789 590.7635064248309 16.81120389611695 633.4821091221274 0.08638800471211283 622.9964935751691
0 383.19439729151986 646.1693952035914 472.9221206854037 650.6595237708691 471.7656027084802 673.7706047964086 382.03787931459635 669.280476229131
0 69.80479457256153 512.7041675467019 87.51214044418602 524.5602209449733 54.32520542743846 574.125832453298 36.61785955581398 562.2697790550267
0 705.1 573.28 732.7800000000001 573.28 732.7800000000001 581.49 705.1 581.49
0 664.2700000000001 570.51 699.86 570.51 699.86 579.47 664.2700000000001 579.47
0 722.9479550711254 585.6374118680869 739.2585518936665 586.617223733961 734.7720449288746 661.3025881319131 718.4614481063335 660.322776266039
0 738.1132116558352 585.2366783460985 753.5653560140323 586.1649211664004 748.8467883441648 664.7133216539015 733.3946439859677 663.7850788335996
0 593.98 634.4100000000001 601.8 634.4100000000001 601.8 669.28 593.98 669.28
0 471.1000458408935 738.2615136255371 523.4840276093166 717.1449595959253 526.9199541591065 725.668486374463 474.53597239068336 746.7850404040747
