0 593.1878330549179 242.7397662085608 714.6875277419125 280.32402609174994 708.9721669450822 298.80023379143915 587.4724722580876 261.21597390825
0 553.6877652232646 531.1678529316191 689.5255642504807 469.9867058727282 698.2522347767355 489.36214706838086 562.4144357495194 550.5432941272718
0 752.3508528475328 290.491401413378 922.3147676278694 343.06740138049696 911.3391471524673 378.54859858662195 741.3752323721307 325.972598619503
0 268.88215980530595 899.4976251400395 280.2430067369687 894.380716210292 295.5978401946941 928.4723748599605 284.2369932630313 933.589283789708
0 524.4937214402463 298.8670521446084 550.0201544665414 285.1469349091739 554.3662785597536 293.2329478553916 528.8398455334585 306.9530650908261
0 766.3257347694638 658.1908039831407 787.5711788068458 670.9259524963883 717.1242652305363 788.4491960168594 695.8788211931543 775.7140475036118
0 548.3693250737593 234.36192704013908 561.4542453777007 237.84279771275885 550.2506749262405 279.95807295986094 537.1657546222992 276.47720228724114
0 880.2675071621345 538.0077883721642 926.6127011778967 523.5096301566753 930.3924928378656 535.5922116278357 884.0472988221034 550.0903698433247
0 744.907475927304 605.5886571672415 770.66216634793 619.994767722756 677.122524072696 787.2213428327584 651.36783365207 772.8152322772439
0 563.3802962348548 241.83517113330947 573.1067003315252 245.94742882808885 559.3797037651452 278.4148288666905 549.6532996684748 274.30257117191115
