0 620.0929188252367 446.6913935611121 661.2315599473804 470.7952232697592 654.4270811747633 482.40860643888794 613.2884400526195 458.3047767302408
0 265.30117972784944 192.5466484702046 450.2990010147622 305.9697771481577 434.8588202721505 331.15335152979543 249.86099898523776 217.7302228518424
0 625.9129188252367 433.84139356111206 667.0515599473805 457.9452232697592 660.2470811747634 469.5586064388879 619.1084400526196 445.4547767302408
0 693.5404966536466 460.2271577936753 779.3207756042241 510.48728257626124 762.7595033463533 538.7528422063248 676.9792243957759 488.49271742373884
0 636.9656425404113 424.19657030027776 681.0205715608951 450.00910270219725 674.5143574595887 461.1134296997222 630.459428439105 435.3008972978027
0 930.7205833476575 646.710115018193 937.8763028309855 650.5268909712612 925.3294166523425 674.0498849818069 918.1736971690144 670.2331090287388
0 489.2779763959117 332.095635513885 620.8387985080025 409.17935938080007 605.6020236040885 435.184364486115 474.0412014919976 358.1006406191999
0 985.1244001742677 1015.3451426044163 994.6773814805081 1008.7648274020402 999.5955998257323 1015.9048573955837 990.042618519492 1022.4851725979598
0 878.4893499319003 619.1301301639191 892.7823318211911 627.3137460342055 869.1606500680998 668.5698698360809 854.867668178809 660.3862539657946
0 80.03994019752207 383.0512681979751 107.04918657366889 399.2414105751317 51.07005980247794 492.62873180202484 24.060813426331123 476.43858942486827
0 858.6393499319003 595.1101301639192 872.932331821191 603.2937460342055 849.3106500680998 644.5498698360809 835.017668178809 636.3662539657946
0 795.9658510306291 521.5863908143583 862.5227884501377 560.5832327549001 853.0541489693709 576.7436091856416 786.4972115498623 537.7467672450998
