0 872.6308016900447 682.981488251489 891.2068450130517 659.8975649614206 898.6391983099553 665.8785117485108 880.0631549869482 688.9624350385793
0 356.68 225.6 385.44 225.6 385.44 233.29999999999998 356.68 233.29999999999998
0 524.1917815518422 270.6655670849194 526.8361488941617 265.0135832421547 542.8682184481578 272.51443291508053 540.2238511058382 278.16641675784524
0 888.8047318951176 425.8038432338713 893.032247152531 424.14863486380494 898.3952681048825 437.8461567661287 894.167752847469 439.50136513619503
0 359.0936319954308 330.5201420337275 391.62677772821297 334.77343825307963 390.4963680045692 343.41985796627256 357.96322227178706 339.1665617469204
0 502.79451605582494 259.1685250001097 494.6668225684299 283.7602024251036 486.98548394417503 281.2214749998903 495.1131774315701 256.6297975748964
0 358.10892076078557 256.23734673295434 403.9953905924236 264.58728603753474 402.1710792392144 274.6126532670457 356.2846094075764 266.2627139624653
0 776.8906818684851 683.8195518143032 817.3822946057627 663.0886715161987 822.5593181315149 673.2004481856968 782.0677053942374 693.9313284838013
0 729.1840057648939 740.2146394490745 759.7891735697248 718.2178259607953 765.1059942351061 725.6153605509254 734.5008264302752 747.6121740392047
0 963.6603677626321 297.2522662469865 976.7858419727862 295.7602787274081 981.9496322373678 341.18773375301356 968.8241580272137 342.67972127259196
0 525.249713796229 467.9404331716851 553.9361643891874 479.39816647185216 477.300286203771 671.269566828315 448.6138356108126 659.8118335281479
0 798.3564393119585 615.6150248286598 802.1420540160656 608.4767112104408 826.4635606880414 621.3749751713402 822.6779459839344 628.5132887895592
0 778.0612985931702 665.548951872368 784.6968070730468 668.0465761862883 775.9287014068298 691.3410481276321 769.2931929269532 688.8434238137118
0 881.18 701.45 953.82 701.45 953.82 716.29 881.18 716.29
0 872.8647318951175 432.45384323387134 877.092247152531 430.798634863805 882.4552681048824 444.4961567661287 878.227752847469 446.15136513619507
0 582.7961125459824 286.5877892599578 565.2237568510841 303.34280986072025 560.9038874540176 298.8122107400422 578.476243148916 282.0571901392797
0 418.5134036439591 259.0339628747926 445.1730815026999 266.7000685659611 443.0865963560409 273.9560371252074 416.4269184973001 266.2899314340389
0 82.67117799541279 385.98348436594125 91.10132379669415 381.56047161792225 114.16882200458721 425.52651563405874 105.73867620330586 429.94952838207774
0 816.2267927901913 601.4809651454287 818.9363936883793 597.2312989264725 831.2132072098087 605.0590348545712 828.5036063116207 609.3087010735275
0 863.2147318951176 436.2538432338713 867.442247152531 434.59863486380493 872.8052681048824 448.29615676612866 868.577752847469 449.951365136195
0 416.18502009456813 267.7303498564835 444.27896968797165 281.30127452075385 440.9949799054318 288.09965014351656 412.9010303120283 274.5287254792462
0 356.0920001893428 295.7979525247575 392.7897058757271 300.5957121431124 391.6579998106572 309.2520474752425 354.9602941242729 304.45428785688756
0 361.34002951695464 287.3908196511391 396.2962886307784 289.1400905756129 395.8599704830454 297.8591803488609 360.90371136922164 296.1099094243871
0 801.9056298409193 607.6240898496252 806.8719065567034 598.2594704989916 835.7343701590808 613.5659101503749 830.7680934432967 622.9305295010084
0 724.3459000064555 564.5224025975672 735.3497308270777 573.9805106150898 681.9840999935444 636.0675974024327 670.9802691729222 626.6094893849101
0 825.9571461819606 573.5412155836491 831.6559099757689 564.6034255199711 862.4828538180394 584.2587844163509 856.7840900242312 593.1965744800289
0 800.8403080324166 685.27143227079 848.2926684418311 660.9767910597118 853.4696919675833 671.0885677292099 806.0173315581688 695.3832089402881
0 493.71905751887857 261.4195673727238 487.5683705554445 280.0294854240706 482.8209424811214 278.4604326272762 488.97162944455545 259.8505145759294
0 883.6659321194012 686.0660620977217 903.1572985356107 661.8446927056114 909.9040678805987 667.2739379022782 890.4127014643892 691.4953072943886
0 423.58077773568147 248.18586760277668 453.5657074109775 256.808163837977 451.4792222643185 264.0641323972233 421.49429258902245 255.44183616202298
0 857.8347318951176 438.7838432338713 862.062247152531 437.12863486380496 867.4252681048824 450.8261567661287 863.197752847469 452.48136513619505
0 785.04 705.78 872.52 705.78 872.52 724.02 785.04 724.02
0 792.9299420810112 627.8097170346591 796.4377092963184 617.8175366338048 829.6600579189887 629.4802829653408 826.1522907036815 639.4724633661951
0 339.6804824305209 386.28428785870324 398.8499746047838 373.4755878528539 401.8395175694791 387.2857121412968 342.67002539521616 400.09441214714616
0 940.9841225160245 298.86285479024536 954.5117857204797 297.4620235274481 960.4158774839756 354.47714520975467 946.8882142795204 355.87797647255195
0 883.3047318951176 428.1838432338713 887.532247152531 426.52863486380494 892.8952681048825 440.22615676612867 888.667752847469 441.88136513619503
0 919.0960282705502 633.8154288310466 930.1910336451639 634.1483788832943 928.6039717294499 687.0345711689533 917.5089663548362 686.7016211167056
0 885.603018894037 451.7471470674176 891.8105107077956 448.4902857897272 903.406981105963 470.59285293258245 897.1994892922044 473.84971421027285
0 379.24190260428037 247.16076927118954 408.00629187292174 255.43209383271346 405.9280973957196 262.6592307288105 377.1637081270782 254.38790616728656
0 847.7308777421246 446.93752182088195 851.958392999538 445.2823134508156 856.0891222578754 455.832478179118 851.861607000462 457.4876865491844
0 507.2327772013548 260.81795720628634 522.265112360665 264.0219858669209 520.9372227986453 270.2520427937137 505.90488763933513 267.04801413307916
0 389.6929960592601 237.58742938083185 414.4497841501456 244.70635088784343 412.50700394073993 251.46257061916816 387.75021584985444 244.34364911215658
0 488.8355236946483 259.5275820565213 482.68169862562064 278.1469949640167 477.55447630535167 276.45241794347874 483.70830137437935 257.8330050359833
0 852.1356173193493 442.0994878959157 856.3631325767627 440.4442795258493 861.0443826806508 452.4005121040843 856.8168674232373 454.0557204741507
0 357.4542379756124 308.92083239497197 389.9774680894575 313.17283227289795 388.84576202438757 321.82916760502803 356.32253191054247 317.57716772710205
0 791.0962349144878 636.9545854135007 799.3925862722061 641.7047595312869 786.4637650855121 664.2854145864993 778.1674137277938 659.5352404687131
0 833.870817818992 546.6436632732004 840.1448341844393 536.803662325736 876.7391821810079 560.1363367267995 870.4651658155606 569.976337674264
0 868.5929089784104 434.6641873800636 872.8204242358238 433.00897900999723 878.1870910215896 446.7158126199364 873.9595757641762 448.37102099000276
0 840.341953062689 530.6412038576352 843.9552576429154 524.7160346608514 870.738046937311 541.0487961423648 867.1247423570845 546.9739653391487
0 409.6296842348728 293.6711304060294 445.9768009117862 304.12290103472424 443.8903157651272 311.37886959397053 407.5431990882138 300.9270989652757
0 367.2335898048994 273.90079020444057 399.7568199187444 278.15279008236655 398.6264101951006 286.7992097955595 366.10318008125563 282.5472099176335
0 359.918663056039 321.18790497996395 385.65805780362575 322.2180302286116 385.36133694396096 329.6320950200361 359.6219421963742 328.60196977138844
0 398.47097944671646 315.30077823051624 420.0755056999426 321.5132532102375 417.9890205532836 328.7692217694838 396.38449430005744 322.55674678976254
0 460.75523845043995 250.7292028407122 479.87310871769057 258.587697381308 477.15476154956 265.20079715928773 458.0368912823094 257.342302618692
0 836.3129668453033 683.5682043156187 861.406013431609 666.2835315383429 866.1370331546967 673.1517956843813 841.043986568391 690.4364684616571
0 569.8890533778925 283.2149522637613 549.8047154617367 304.8084575482134 545.2209466221074 300.5450477362387 565.3052845382632 278.95154245178657
0 639.0605345649491 311.6050753644055 690.0297320057256 313.64493130126573 689.5294654350508 326.1449246355945 638.5602679942743 324.10506869873427
0 878.2447318951175 429.6038432338713 882.4722471525309 427.94863486380495 887.8352681048824 441.6461567661287 883.607752847469 443.30136513619505
0 554.6726553639365 281.6331390856598 539.3945263221764 303.5299144871505 533.2273446360635 299.2268609143402 548.5054736778237 277.3300855128495
0 820.8743953724456 587.5514080745664 826.5731591662538 578.6136180108884 860.8656046275544 600.4785919254335 855.1668408337462 609.4163819891115
0 854.9701184258653 684.0654847763883 877.4892646580737 660.2587430217422 884.4198815741348 666.8145152236118 861.9007353419264 690.6212569782579
0 831.2291091238237 560.2830644817707 836.4977775369671 552.0198246115779 865.5708908761762 570.5569355182292 860.3022224630329 578.8201753884221
0 818.8648569735757 593.0761806485583 822.1604628279196 587.9074397909784 838.1051430264243 598.0738193514418 834.8095371720805 603.2425602090217
