0 636.919198030442 147.9345218176506 689.2739196047658 124.35403138858952 694.620801969558 136.22547818234943 642.2660803952342 159.8059686114105
0 981.9057629535386 362.90241383777817 1021.5640432325612 355.1442629427207 1023.2842370464615 363.93758616222186 983.6259567674389 371.69573705727936
0 415.7838080975595 900.9874906492023 554.9388015767815 855.923084630731 561.8461919024405 877.2525093507977 422.69119842321834 922.316915369269
0 826.070822221148 774.9617795775482 951.4787065476063 734.3492821320372 958.3891777788521 755.6882204224519 832.9812934523937 796.3007178679629
0 163.4652994863454 980.0170618150547 375.3610518458665 911.3960516797287 385.3247005136546 942.1629381849453 173.4289481541335 1010.7839483202714
0 669.0298220935714 824.838315758923 786.9885808375979 786.638167387895 795.9601779064286 814.341684241077 678.0014191624022 852.541832612105
0 165.53331268816552 625.1508337242121 240.49073345953295 600.8763786056275 245.09668731183447 615.0991662757879 170.13926654046705 639.3736213943725
0 906.3763894302247 262.7956028819522 922.1060157029183 259.55485338200884 933.7836105697754 316.23439711804775 918.0539842970818 319.47514661799113
0 320.33676258227655 577.4392334745927 395.294183353644 553.164778356008 400.5132374177235 569.2807665254073 325.55581664635605 593.555221643992
0 553.9438393651549 502.0347320750513 629.5956562503372 480.01958497195795 634.3261606348451 496.27526792494865 558.6743437496627 518.2904150280419
0 924.4801579987424 341.2326076413015 939.5859652803125 337.8040968316257 949.7298420012577 382.4973923586985 934.6240347196875 385.9259031683743
0 795.9267625822765 427.5592334745927 870.884183353644 403.28477835600813 876.1032374177234 419.40076652540733 801.145816646356 443.6752216439919
0 984.4626960776659 374.434351301033 1021.6871101084337 367.1523254794658 1023.407303922334 375.945648698967 986.1828898915662 383.2276745205342
0 680.0383030350699 463.6789902597667 754.9957238064374 439.4045351411821 760.2116969649301 455.51100974023336 685.2542761935626 479.78546485881793
