0 863.7282733596396 490.80026987102286 881.9260601682729 487.05100924157404 893.6117266403603 543.7697301289771 875.413939831727 547.518990758426
0 666.6509806901378 440.9389479167371 782.5642755286464 405.94645615520403 789.5090193098623 428.9510520832629 673.5957244713537 463.94354384479595
0 682.759061392631 711.5371078515909 723.191735371348 698.4432591075899 726.740938607369 709.4028921484091 686.308264628652 722.4967408924101
0 178.15587141752388 537.4323569448622 375.45743910338945 482.1503400795216 384.6441285824761 514.9376430551376 187.3425608966105 570.2196599204783
0 884.8518938493926 558.6203422329089 899.5756011058863 554.1754750104743 913.2281061506073 599.3996577670911 898.5043988941136 603.8445249895257
0 857.0620577224495 655.4660288624261 905.3624543789074 639.8242711981218 909.6079422775506 652.933971137574 861.3075456210927 668.5757288018783
0 32.40872589187515 890.8783655163669 216.56290711682234 831.241276072219 227.20127410812486 864.0916344836331 43.04709288317767 923.7287239277811
0 357.8488124057018 787.5888338368044 546.2650731465233 726.5714986897593 557.5411875942982 761.3911661631956 369.12492685347684 822.4085013102407
0 782.4789341662871 677.5860117493701 829.5670140951619 658.6042934759389 835.2910658337129 672.80398825063 788.2029859048381 691.7857065240612
0 241.044495930025 554.9908627510764 268.44726458418387 547.6075931442798 271.15550406997505 557.6591372489237 243.75273541581618 565.0424068557203
