0 1.0249311215958912 192.65980660047708 8.178145631817209 171.6121363690534 86.20506887840412 198.13019339952294 79.0518543681828 219.17786363094663
0 971.3240249372432 940.3187591551169 978.958958375059 925.5674917044834 1023.3459750627569 948.541240844883 1015.7110416249411 963.2925082955165
0 518.8707743336914 854.8591298988352 565.6873558115445 879.830539525197 559.6492256663086 891.1508701011647 512.8326441884554 866.179460474803
0 527.591022701619 840.3688147585184 590.7395853923452 874.0515095749282 583.1389772983811 888.3011852414817 519.9904146076548 854.6184904250719
0 1.7644615405505775 221.8404839646315 10.00208148934346 197.60205130946068 76.87553845944942 220.32951603536853 68.63791851065653 244.56794869053934
0 508.24620057958725 864.4178222218475 562.4214380982487 893.3142517555566 555.1737994204129 906.9021777781525 500.9985619017514 878.0057482444433
0 778.21288094474 994.3252770711018 786.8556555890856 980.1526821623685 829.52711905526 1006.1747229288982 820.8843444109144 1020.3473178376315
0 193.37787097104086 229.31560773159023 473.85915397378113 319.1614773369132 458.9021290289591 365.8543922684097 178.42084602621884 276.00852266308675
0 205.6811924206198 321.0473888582588 208.61019755830736 307.1425325517952 255.60880757938023 317.04261114174125 252.67980244169266 330.9474674482048
0 208.37608505126948 305.8534194723115 211.30509018895705 291.94856316584793 258.2939149487305 301.84658052768856 255.36490981104296 315.7514368341521
0 751.9872266901054 416.2498760261573 941.8275482704375 501.0273518217725 924.7627733098946 539.2401239738426 734.9224517295625 454.4626481782274
0 874.2968827536148 891.7970203830253 881.9272196029673 877.0546338881115 926.3231172463851 900.0329796169747 918.6927803970326 914.7753661118884
0 922.3240249372432 915.8187591551169 929.958958375059 901.0674917044834 974.3459750627569 924.041240844883 966.7110416249411 938.7925082955165
