0 806.9652758712995 797.7316174222648 831.0374534281995 799.9039819563808 823.5847241287005 882.4883825777353 799.5125465718005 880.3160180436192
0 254.60017742033813 61.914307877678 313.9061996580954 58.757121419034235 331.6298225796619 391.68569212232205 272.32380034190464 394.8428785809658
0 692.1686560077466 829.8955794308599 714.3995999034977 834.8668502446421 696.6313439922534 914.3244205691401 674.4004000965023 909.3531497553579
0 712.7457761826633 707.0799649542073 734.0797577764106 710.5228313991411 720.3242238173366 795.7600350457926 698.9902422235893 792.3171686008588
0 782.3063244853909 795.5225882702732 806.2497472738123 798.8967407823709 793.9936755146091 885.8674117297269 770.0502527261876 882.4932592176292
0 803.1099164910298 668.9181854690332 827.0434371194893 672.2909425499845 817.5000835089701 740.0118145309668 793.5665628805106 736.6390574500156
0 828.6199164910299 673.3881854690331 852.5534371194894 676.7609425499844 843.0100835089702 744.4818145309667 819.0765628805107 741.1090574500155
0 688.0495804765983 709.0782442829485 709.3736897975118 712.5195175458163 695.9304195234017 795.8217557170516 674.6063102024882 792.3804824541838
0 671.4355266509671 823.634455421231 692.5149115565081 828.3482152797778 674.744473349033 907.815544578769 653.665088443492 903.1017847202222
0 748.2449353788047 634.2823440862633 807.2712546518335 643.807979659729 754.5050646211953 970.7776559137367 695.4787453481665 961.252020340271
