0 461.7232643077503 556.1898153054648 485.2429008911284 559.0257974961393 476.32673569224966 632.9701846945353 452.80709910887157 630.1342025038608
0 441.8040743857296 437.6867292387637 465.4514451767946 439.1072765522617 460.98592561427034 513.4432707612364 437.33855482320536 512.0227234477384
0 435.3743652084617 549.1770380560963 459.01175399412733 550.5969857295295 454.54563479153825 624.9429619439036 430.9082460058726 623.5230142704704
0 488.0052711475404 560.5099882550081 508.9474425782257 563.675087900799 497.43472885245967 639.8500117449918 476.49255742177434 636.6849120992009
0 391.92470406654786 384.2780505137134 444.6995666129221 387.44834753628174 425.82529593345214 701.6419494862866 373.0504333870779 698.4716524637183
0 428.1077055343628 629.3453717798405 446.1890496252056 631.8934290532444 430.2322944656372 745.1246282201595 412.15095037479443 742.5765709467556
0 369.8379361792719 441.713172435667 389.0562730767864 443.25392773539266 382.88206382072815 520.2668275643331 363.66372692321363 518.7260722646074
0 362.8823713419918 542.2269348209345 383.34920000538824 544.0739390069537 376.66762865800814 618.1130651790654 356.2007999946117 616.2660609930463
0 313.35400789758177 560.5196321076179 332.85839397960405 561.3002239109411 329.86599210241826 636.070367892382 310.361606020396 635.2897760890588
0 338.8162472789652 561.7976779680556 357.9209533183231 562.562274037704 354.9237527210348 637.4523220319444 335.8190466816769 636.687725962296
0 511.5958253371568 548.061163269437 518.8918060901956 547.8189549886399 520.1041746628432 584.3388367305631 512.8081939098045 584.5810450113602
