0 291.69044826474146 338.7522292835683 313.29396418092165 341.35716691417514 303.14955173525857 425.4877707164317 281.5460358190784 422.88283308582487
0 453.4704183909195 504.585488165947 478.4747039274151 508.8776443617767 464.1195816090805 592.5045118340529 439.11529607258495 588.2123556382232
0 389.7689122382267 512.1059454874201 419.48367470933294 515.6889318515773 403.9210877617734 644.7540545125798 374.2063252906671 641.1710681484226
0 504.62335123686444 510.6586196615336 527.8043049545773 514.6377885115892 510.4766487631356 615.5813803384665 487.2956950454227 611.6022114884108
0 412.721961324062 589.8811096869377 437.08382528498066 592.571775840457 427.768038675938 676.9188903130622 403.40617471501935 674.228224159543
0 479.4613363788303 507.1747143303671 504.47547776299496 511.46856234968755 490.11866362116973 595.1052856696328 465.1045222370051 590.8114376503124
0 315.47212725692407 330.0834914804794 342.80414900198105 333.37916854714337 327.77787274307593 457.99650851952066 300.44585099801895 454.7008314528567
0 351.92929940935096 296.1141783113493 414.14861661831276 303.61654234214586 366.360700590649 699.9358216886507 304.1413833816872 692.4334576578541
0 426.6412643026648 500.6655602421125 451.64554983916037 504.95771643794217 437.28873569733514 588.5944397578875 412.2844501608396 584.3022835620578
0 268.5804842215622 338.75163072253184 290.1939282241009 341.3577654752116 280.0495157784378 425.48836927746817 258.4360717758991 422.88223452478843
0 283.66735347210874 432.11565550623936 304.4650288403732 438.54913040525673 279.4226465278913 519.5043444937606 258.62497115962685 513.0708695947433
