0 716.3763918410239 533.649626827639 733.1312499292055 536.6985004630809 721.0736081589762 602.9603731723608 704.3187500707945 599.911499536919
0 694.3275161938485 527.3039239713448 715.9819158721151 531.2443648824471 703.9224838061515 597.5160760286551 682.2680841278849 593.5756351175528
0 808.6072568538629 505.1587460912697 827.7203281878184 509.63394487826554 810.1227431461372 584.7912539087304 791.0096718121816 580.3160551217345
0 764.210246846923 439.7095930449092 825.5832471374489 457.3576647622134 733.8497531530769 776.3704069550907 672.476752862551 758.7223352377865
0 318.5366061653045 467.2360252293962 353.43294320177534 464.67755665678703 359.81339383469555 551.7039747706038 324.9170567982247 554.262443343213
0 833.6985504975673 513.5367920183294 851.859497155845 519.1546311469615 834.0514495024327 576.7232079816706 815.890502844155 571.1053688530385
0 672.662127134896 609.2473943315698 690.0615456136421 613.3213526771436 675.7878728651041 674.2826056684302 658.3884543863579 670.2086473228563
0 652.2241218767172 605.3175922333189 669.6138036915131 609.3892708036574 655.8758781232827 668.0624077666812 638.4861963084868 663.9907291963427
0 314.9095183914768 374.38153309563694 346.4001310200008 373.0207552738578 350.2104816085232 461.1984669043631 318.7198689799992 462.55924472614225
0 786.8705232954443 589.3326704147996 805.7072098863354 594.7492411266562 787.6694767045557 657.4773295852003 768.8327901136646 652.0607588733437
0 692.5062381478322 614.059121820369 709.8959199626281 618.1308003907075 694.0537618521678 685.7908781796309 676.6640800373718 681.7191996092924
