0 31.702998971764593 499.652131269597 37.59602553424918 518.6490872871766 8.00700102823541 527.827868730403 2.1139744657508235 508.8309127128234
0 156.92133580447583 83.87452938949195 163.96380248448466 79.81244087975153 178.10866419552414 104.33547061050805 171.0661975155153 108.39755912024847
0 713.9091348754083 367.73214761166753 757.7881362283466 439.17288417190207 477.3508651245917 611.4178523883324 433.4718637716534 539.9771158280979
0 768.9192611156368 435.6008314366572 800.82888316345 487.5538575349098 538.4307388843631 648.7191685633428 506.52111683654994 596.7661424650902
0 138.1058607547208 343.2951607849744 145.29235728826572 333.1777318836504 180.10413924527919 357.9048392150256 172.91764271173426 368.02226811634966
0 343.02991731073877 159.41195952263524 354.01921451598054 153.6462464761105 385.18008268926127 213.03804047736475 374.1907854840195 218.8037535238895
0 529.921758312018 831.9353147642432 547.5748247656483 865.7778640887802 377.688241687982 954.3946852357567 360.03517523435175 920.5521359112197
0 426.90643716442463 188.83606240701255 466.2598146216472 239.45904219593223 191.4335628355754 453.1039375929875 152.08018537835284 402.4809578040678
0 8.342596070412222 102.5828721215947 14.991801327555851 99.17861457429112 25.947403929587775 120.57712787840529 19.298198672444144 123.98138542570888
0 842.8103498633644 353.7986967004447 882.3202497293056 332.0506436247483 942.2696501366355 440.9613032995553 902.7597502706943 462.7093563752517
0 874.8028306805331 609.017295958333 898.3876983506009 650.1331568514894 735.7371693194668 743.4327040416671 712.1523016493991 702.3168431485107
0 658.8993128132265 776.1401938226439 667.1241622348768 790.4786997417131 626.4506871867734 813.8098061773561 618.2258377651231 799.471300258287
