0 828.13809506632 685.7145735589828 835.063932972338 692.704449759572 815.30190493368 712.2854264410172 808.3760670276621 705.295550240428
0 561.212454733377 512.7902329841876 687.2572708951761 469.16766177686156 693.6675452666232 487.68976701581244 567.622729104824 531.3123382231385
0 717.3868250440821 411.67229373529744 770.9825701748434 386.8852284818537 775.243174955918 396.09770626470254 721.6474298251567 420.8847715181463
0 70.4271274871748 208.22607715413443 105.25446906989634 202.84891449335913 106.7528725128252 212.55392284586554 71.92553093010366 217.93108550664084
0 553.3479847743666 483.1697995932802 628.65305404458 454.55057280064347 633.0120152256333 466.0202004067199 557.7069459554199 494.6394271993566
0 18.490778458015328 216.64426211285527 53.31812004073686 211.26709945207998 54.76922154198468 220.66573788714473 19.941879959263147 226.04290054792003
0 655.735644641593 448.91639288524044 710.5032459770283 426.83897582701496 714.294355358407 436.2436071147595 659.5267540229717 458.321024172985
0 402.7478938092335 225.08696638324815 482.23763797775433 211.9990264375153 484.5121061907665 225.81303361675182 405.02236202224566 238.90097356248467
0 66.94211434912347 187.62953158753677 101.76945593184502 182.25236892676148 103.35788565087654 192.54046841246324 68.530544068155 197.91763107323854
0 612.0681941438706 190.79318362615962 673.7773376431171 180.63280919460388 676.0518058561292 194.4468163738404 614.3426623568828 204.60719080539613
0 115.97211434912347 179.50953158753677 150.79945593184502 174.13236892676147 152.38788565087654 184.42046841246324 117.560544068155 189.79763107323853
0 653.9984620305667 441.17973308160373 707.585130828537 416.3968654683384 711.8415379694333 425.60026691839624 658.2548691714629 450.3831345316616
0 120.91211434912347 209.38953158753677 155.73945593184501 204.01236892676147 157.32788565087654 214.30046841246323 122.500544068155 219.67763107323853
0 721.2589238641712 421.96183190169296 774.8546689949325 397.1747666482492 779.1110761358287 406.37816809830707 725.5153310050674 431.1652333517508
0 508.04033387855566 207.5211248525875 579.6462268069265 195.73125640842375 581.5096661214443 207.0488751474125 509.90377319307345 218.83874359157625
0 68.97287728366672 197.78947303781808 103.80021886638826 192.4123103770428 105.3871227163333 202.69052696218193 70.55978113361175 208.06768962295723
0 118.00442942885586 189.9524470715761 152.8317710115774 184.5752844108008 154.23557057114417 193.6675529284239 119.40822898842261 199.0447155891992
0 303.6027732348946 240.37892384028913 385.3027585520932 226.92706898047436 387.57722676510537 240.74107615971087 305.8772414479067 254.19293101952564
0 826.6921303944864 353.28988107873414 853.8778447320447 344.18461688944893 856.2978696055136 351.4101189212659 829.1121552679554 360.5153831105511
0 699.568702222904 173.1691402662268 734.9325606017494 167.34650164091568 736.5912977770961 177.42085973377317 701.2274393982507 183.2434983590843
0 15.332114349123474 195.33953158753675 50.159455931845 189.96236892676146 51.747885650876526 200.25046841246322 16.920544068154996 205.62763107323852
0 118.58211434912346 199.23953158753676 153.409455931845 193.86236892676146 154.99788565087653 204.15046841246323 120.17054406815498 209.52763107323852
0 649.8168250440821 430.73229373529745 703.4125701748434 405.9452284818537 707.673174955918 415.15770626470254 654.0774298251566 439.9447715181463
0 808.9777618848615 253.44496339130905 857.7335986644172 243.90710304816488 859.9222381151386 255.09503660869095 811.1664013355829 264.6328969518351
0 709.9791417247869 454.93765834495093 867.0578884994474 395.2408501245602 874.0208582752131 413.56234165504907 716.9421115005526 473.2591498754398
0 701.5595145329801 184.2990738402194 736.9233729118255 178.47643521490826 738.58048546702 188.54092615978058 703.2166270881746 194.3635647850917
0 17.322114349123474 205.90953158753678 52.149455931845004 200.53236892676148 53.73788565087653 210.82046841246324 18.910544068154998 216.19763107323854
0 823.3301688693707 339.9000381911361 855.3423668476046 329.1782482005442 858.8898311306293 339.76996180886385 826.8776331523954 350.49175179945576
0 564.8224547333768 528.1802329841876 690.867270895176 484.55766177686155 697.2775452666231 503.0797670158124 571.2327291048239 546.7023382231384
