0 392.3852566272544 588.3399410312077 406.53810567344044 593.9927689850615 363.3147433727456 702.2100589687923 349.1618943265596 696.5572310149385
0 872.6932890468078 554.8057970655124 891.6915876361214 545.7877290511711 920.3367109531922 606.1342029344877 901.3384123638785 615.1522709488289
0 957.4293481936406 833.5348903391563 968.1230949163557 834.2846776626146 965.8506518063593 866.6951096608437 955.1569050836442 865.9453223373854
0 995.2789859704675 356.79295946034483 1010.7311303286646 357.7212022806466 1004.2610140295325 465.4270405396552 988.8088696713354 464.49879771935343
0 57.55261147074087 642.6832411497752 68.25755065068765 658.9941079922713 12.837388529259133 695.3667588502248 2.132449349312356 679.0558920077286
0 187.55550308968296 331.380849744487 278.6151202604613 255.73714200411186 290.40449691031705 269.9291502555129 199.3448797395387 345.57285799588806
0 870.941614138095 576.5709023121187 880.7885687088758 571.8967729085848 897.778385861905 607.6890976878813 887.9314312911242 612.3632270914152
0 466.5551364138435 440.81056465040393 510.53550321470453 389.3945852659585 523.7048635861565 400.6594353495961 479.72449678529546 452.07541473404154
0 980.2013024349832 819.0734145173137 1005.8891591323417 820.3588787509557 999.7986975650168 942.0665854826864 974.1108408676583 940.7811212490444
0 961.8393203080835 660.6282764032459 984.5435810738483 662.2201756086482 974.0206796919164 812.3017235967542 951.3164189261516 810.7098243913518
0 610.4929470309471 89.39254923215546 631.8860410877448 95.54422596919264 617.0070529690529 147.28745076784455 595.6139589122552 141.13577403080737
0 978.2369438334503 475.4843345316648 1001.2573602013227 477.7940804592057 985.4382561665496 635.4574654683353 962.4178397986772 633.1477195407944
