0 467.82270001933136 193.64910970973932 472.9879687702096 189.44487390150965 490.29729998066864 210.7108902902607 485.1320312297904 214.91512609849036
0 772.3705876498486 667.8747381605821 787.7094818945488 654.3348000754246 792.2294123501513 659.4552618394179 776.8905181054511 672.9951999245753
0 486.70987505348074 179.37023571112866 493.75201323035384 173.638334639248 514.5901249465192 199.23976428887136 507.5479867696461 204.971665360752
0 359.88368106121226 278.3711615468424 365.2256388087216 282.34848318631595 353.1563189387877 298.55883845315753 347.81436119127835 294.581516813684
0 611.9245965142823 647.3472149005636 630.4811337746964 638.3103722604121 656.7554034857178 692.2627850994363 638.1988662253036 701.2996277395878
0 558.9162590565993 291.4103833209946 583.9541866677673 272.644289403029 651.4737409434008 362.7296166790054 626.4358133322328 381.495710596971
0 455.611967517254 202.45062655537063 460.0572699373571 207.40994973437657 445.008032482746 220.8993734446294 440.5627300626429 215.94005026562346
0 39.412449920990085 522.7013311261188 212.6226004185485 387.3858339921498 240.4675500790099 423.02866887388126 67.25739958145148 558.3441660078503
0 818.5629156778504 627.4887544308168 842.1041078918666 608.7157853224757 847.5470843221495 615.5412455691832 824.0058921081333 634.3142146775243
0 423.98884070119317 870.4414103983648 680.9356180953419 669.7090582805216 716.0511592988069 714.6585896016351 459.10438190465806 915.3909417194783
0 494.76798498549743 173.3289910321308 500.52268380404354 168.64499257911817 517.8320150145026 189.9110089678692 512.0773161959565 194.59500742088184
0 812.69561613428 620.7255254564841 839.1452518898489 599.6332124397061 844.1143838657199 605.8644745435158 817.6647481101511 626.9567875602938
0 481.26270001933136 184.0091097097393 486.4279687702096 179.80487390150964 503.73729998066864 201.07089029026068 498.5720312297904 205.27512609849035
0 473.80885408021913 189.0430480295668 480.9285488449432 183.24802029389886 501.21114591978085 208.1669519704332 494.0914511550568 213.96197970610112
0 342.56368106121226 291.73116154684243 347.9056388087216 295.70848318631596 335.8363189387877 311.91883845315755 330.49436119127836 307.941516813684
0 325.6786925960375 305.5697834354902 330.5968931971765 310.06054092693364 317.42130740396254 324.49021656450975 312.50310680282354 319.9994590730663
0 390.6755183190784 826.2836101726203 406.5952314955575 811.0558843943355 450.8544816809216 857.3263898273796 434.93476850444245 872.5541156056644
0 803.8307123699315 665.2640895101111 843.9938157918518 633.2359452691452 853.5392876300684 645.2059104898889 813.3761842081481 677.2340547308548
0 373.5113358731379 267.0813979657542 379.25763096276626 270.4482500181785 368.38866412686207 288.99860203424583 362.6423690372337 285.63174998182154
0 711.0928442519195 472.32908899749987 727.065828540606 459.59140188745636 797.2571557480804 547.6109110025001 781.2841714593939 560.3485981125436
0 795.9695750478803 644.3175321257557 816.4210073602723 631.9696166591012 820.5404249521197 638.7924678742442 800.0889926397277 651.1403833408987
0 811.2300249381784 683.8348088352793 851.3931283600988 651.8066645943134 861.3999750618217 664.3551911647207 821.2368716399013 696.3833354056867
0 805.9837764725725 615.2990050017628 833.9970915515565 592.9597328944275 838.9662235274276 599.1909949982372 810.9529084484435 621.5302671055725
0 461.12140522883055 206.61831898056835 465.56670764893363 211.57764215957428 449.3185947711695 226.14168101943164 444.8732923510664 221.1823578404257
