0 255.65644798021032 265.8561953931668 288.0896180535818 241.0369472379192 471.52355201978963 480.74380460683324 439.0903819464182 505.5630527620808
0 85.81188414841603 228.0787609003016 103.98965628311817 213.58286147257215 183.55811585158398 313.3612390996985 165.38034371688184 327.85713852742794
0 321.21665306803476 178.0961923819586 334.22646503884954 167.72149274852126 390.8633469319653 238.7438076180414 377.8535349611505 249.11850725147872
0 411.7191882976816 625.8482349482285 421.82837512356116 617.7866444277752 464.91081170231837 671.8117650517715 454.80162487643884 679.8733555722249
0 534.0842808677882 799.957352948856 557.1617443483279 782.6606399864357 671.1557191322119 934.752647051144 648.0782556516721 952.0493600135643
0 3.5275760345234595 119.65019616109015 20.696775005622765 105.95858534677023 82.45242396547654 183.39980383890986 65.28322499437724 197.09141465322978
0 527.7228471333989 411.62183159414315 544.2587559785151 398.4352392114989 618.7271528666012 491.8181684058569 602.191244021485 505.00476078850113
0 870.735955288461 427.6476709235366 881.112856951129 428.7937563842767 878.544044711539 452.0523290764634 868.167143048871 450.9062436157233
0 202.44361193408645 25.17109964012235 224.97623098450003 7.202419145190646 339.2163880659135 150.45890035987765 316.68376901549993 168.42758085480935
0 1003.0357390903567 316.33394184034034 1018.8028673947243 336.61629291297515 917.1542609096433 415.6360581596597 901.3871326052757 395.3537070870249
0 274.1905812572096 460.7639502032899 292.29724819337196 446.907954661183 372.9294187427904 552.2760497967101 354.82275180662805 566.1320453388171
0 517.6059998866085 429.6561065579586 531.9527576789433 418.2152569020947 603.2040001133914 507.56389344204143 588.8572423210567 519.0047430979052
0 1006.0573302449643 290.87972994262526 1017.3195647480841 305.36712356593586 919.1526697550357 381.6802700573747 907.890435251916 367.1928764340641
0 391.6331965782034 266.52379288326193 404.6430085490182 256.1490932498246 452.80680342179664 316.5462071167381 439.79699145098186 326.92090675017545
0 172.32896880105898 337.14385109662436 190.49892253914402 322.6541864643477 268.571031198941 420.5561489033757 250.40107746085596 435.04581353565237
0 885.0079608560908 21.156549968116483 945.4667004172076 1.5773949638513525 951.3820391439093 19.84345003188352 890.9232995827925 39.42260503614865
