0 235.9405211581905 574.9360616831748 250.49759130292773 590.8532413580167 155.14947884180947 678.0539383168252 140.59240869707224 662.1367586419833
0 95.3717079779454 611.7644969120806 90.30521865183321 616.1333395400991 76.8982920220546 600.5855030879193 81.9647813481668 596.2166604599008
0 193.91235077440746 553.9637037732307 204.7141241673604 568.149280658479 126.65764922559254 627.5862962267693 115.85587583263958 613.4007193415209
0 151.6338225317407 696.1572974202728 161.76106203931147 708.6603818379793 82.7561774682593 772.6527025797271 72.62893796068852 760.1496181620206
0 190.6371819927618 534.5169727656954 200.9869879644684 547.559365810993 120.09281800723821 611.7530272343046 109.74301203553162 598.710634189007
0 73.48137437435858 597.8047540665114 67.05154972188055 604.3147352445476 46.46862562564143 583.9852459334886 52.89845027811945 577.4752647554524
0 79.31019832118668 75.07872672822859 140.81727526003638 28.0108822222559 402.23980167881336 369.6312732717714 340.7327247399636 416.69911777774405
0 261.4991491724131 769.2344166468407 271.63268280024965 781.7452717820225 219.84085082758685 823.6955833531593 209.70731719975032 811.1847282179775
0 96.87332401129915 644.2935243539696 100.97314561788441 649.5674093350985 83.10667598870084 663.4564756460304 79.00685438211558 658.1825906649015
0 204.22509667567542 706.9247952806952 221.37028027954292 728.092229683326 120.89490332432459 809.4752047193049 103.74971972045708 788.3077703166741
0 104.36841369707166 641.3259761827073 99.5338446673385 645.9356770728677 83.35158630292834 628.9640238172926 88.1861553326615 624.3543229271322
0 253.56149862426736 611.5180870691961 265.73232496227837 624.561728671524 190.35850137573266 694.891912930804 178.18767503772165 681.8482713284761
0 134.13910538741496 664.3685677398048 145.36152182122396 678.223756998208 61.67089461258504 746.0114322601953 50.448478178776035 732.1562430017921
0 276.24745220274923 780.3757210669465 287.9392823009733 796.725372713213 239.75254779725077 831.1842789330534 228.06071769902672 814.8346272867869
0 152.64616456089126 712.6818551507661 166.6428600187835 728.297021376555 97.00383543910874 790.718144849234 83.00713998121651 775.1029786234451
0 115.50137437435859 634.9647540665113 109.07154972188056 641.4747352445476 88.48862562564142 621.1452459334886 94.91845027811945 614.6352647554523
0 81.38062076968876 592.8461029280857 74.95079611721076 599.3560841061219 54.70937923031124 579.3638970719144 61.139203882789246 572.8539158938781
0 241.3295935746068 597.5708677964132 253.49359770054497 610.6071979404436 174.12040642539318 684.6691322035869 161.95640229945502 671.6328020595564
0 165.54520086782426 502.7742229155468 177.70920499376243 515.8105530595772 98.96479913217573 589.2857770844532 86.80079500623756 576.2494469404228
0 260.9904378304124 629.6789619049174 274.04132952582444 643.665781627593 202.6595621695876 710.2710380950826 189.60867047417557 696.284218372407
0 233.4586564912936 771.8679438038403 225.18069644690115 780.2490998997164 205.50134350870638 760.8120561961598 213.77930355309883 752.4309001002837
0 697.1283011623046 369.96342771695237 708.6639425374477 362.51749741482826 725.3616988376954 388.38657228304766 713.8260574625523 395.83250258517177
0 696.78918257656 63.32058547696613 748.0596394800091 24.086240205105582 991.11081742344 341.69941452303385 939.840360519991 380.9337597948944
0 121.50910538741496 650.5285677398048 132.73152182122396 664.383756998208 49.04089461258504 732.1714322601953 37.81847817877604 718.316243001792
0 264.6103450838336 861.3055521932105 238.7306613747049 881.4570278492378 233.72965491616642 875.0344478067894 259.60933862529504 854.8829721507622
0 174.52789298536493 519.9832657632087 186.10518687303573 532.390810493674 115.16210701463505 598.5867342367912 103.58481312696425 586.1791895063259
0 190.41428371673123 590.8462460031153 202.5782878426694 603.8825761471458 138.59571628326876 663.5837539968848 126.4317121573306 650.5474238528543
0 138.95395320905524 685.4293830412629 149.08748683689177 697.9402381764447 72.40604679094477 760.0506169587371 62.27251316310825 747.5397618235553
0 220.21627111286114 316.1567377320524 242.4751340809214 295.70200919879846 333.7737288871389 395.0532622679476 311.5148659190786 415.5079908012016
