0 986.9000000000001 957.93 1024.0 957.93 1024.0 972.15 986.9000000000001 972.15
0 382.1389491147937 68.98838916443563 404.05376119118887 54.213887086318636 508.05105088520634 208.47161083556435 486.1362388088112 223.24611291368134
0 618.6671985020545 448.3475715501238 629.8424548058539 442.4842920459222 671.7728014979456 522.4024284498762 660.5975451941462 528.2657079540778
0 990.9100000000001 988.84 1016.26 988.84 1016.26 995.9499999999999 990.9100000000001 995.9499999999999
0 981.0192496211869 566.8865645025071 990.4483325013964 580.0720298351428 936.5107503788131 618.6434354974929 927.0816674986036 605.4579701648572
0 687.0158405873743 517.2820173096698 774.4492322536147 482.03666411612335 782.7941594126256 502.7379826903302 695.3607677463852 537.9833358838766
0 631.8738924050931 40.31993400187527 686.4379443572641 49.12545128144464 683.8761075949069 65.00006599812473 629.3120556427359 56.19454871855535
0 909.0433268355254 756.8725448746018 991.1486794132364 707.2999801024444 1001.9666731644746 725.2174551253981 919.8613205867636 774.7900198975556
0 1012.9844051593077 563.5878144901767 1004.3390530034474 551.2809267397679 1013.6755948406924 544.7221855098232 1022.3209469965527 557.029073260232
0 901.0082774477198 740.8576241991858 983.1136300254309 691.2850594270284 993.3217225522801 708.1923758008141 911.216369974569 757.7649405729716
0 971.3413627444505 971.5741967672243 1022.0512190825795 972.5885291419102 1021.7786372555494 986.2158032327757 971.0687809174204 985.2014708580898
0 915.8178732727891 703.8418919764731 984.2604020871778 662.5184996968987 996.1121267272109 682.1481080235269 927.6695979128223 723.4715003031013
0 961.5367207935928 915.1949441527462 977.6077952917728 910.6919824080779 979.1132792064072 916.0650558472538 963.0422047082272 920.5680175919221
0 718.6556240399968 144.70567269502718 725.4904174297355 142.02963096897278 734.3643759600031 164.6943273049728 727.5295825702644 167.3703690310272
0 941.7897766576448 846.715566447258 986.1848134063323 836.1714869671566 989.6602233423553 850.804433552742 945.2651865936677 861.3485130328434
0 986.9 995.95 1018.12 995.95 1018.12 1005.3 986.9 1005.3
0 604.4175277222298 458.4018374132894 616.7795977359244 450.5964786786435 664.9624722777703 526.9081625867105 652.6004022640757 534.7135213213564
0 362.30732604321287 97.01118321223265 385.56538426276967 81.33109303852166 489.56267395678714 235.58881678776737 466.30461573723034 251.26890696147836
