0 589.5550830617804 800.5205002410427 597.9436346519137 783.9083269268832 665.5349169382196 818.0394997589573 657.1463653480862 834.6516730731167
0 933.0330863457548 739.3776629248608 960.0132270462484 752.7449404255925 879.1969136542452 915.8623370751392 852.2167729537516 902.4950595744075
0 263.82226307109636 21.207621056803003 271.8666943173239 6.038704618087973 365.6277369289037 55.76237894319699 357.58330568267615 70.93129538191202
0 815.3959076156661 590.6926584825666 826.15136324837 567.7043011220909 941.0840923843339 621.4773415174335 930.32863675163 644.4656988779092
0 649.5478999369291 218.67983906921086 661.392723899025 194.62830595161194 796.0221000630709 260.93016093078916 784.177276100975 284.9816940483881
0 405.9751851338776 101.40464983923175 420.6538124457184 73.72601547551935 614.8548148661225 176.71535016076825 600.1761875542816 204.39398452448063
0 715.6263260229882 872.5032638250676 726.2280849375468 851.5081904049156 811.9936739770117 894.8167361749323 801.3919150624531 915.8118095950844
0 17.479710646257963 863.4062823940427 30.508603437574386 831.4934502942057 136.69028935374203 874.8437176059573 123.66139656242561 906.7565497057943
0 187.58138710360876 622.0145161089853 203.3119825758691 588.3924583776669 359.5386128963912 661.4854838910147 343.80801742413087 695.1075416223331
0 800.805154733947 302.26892414025474 812.9294094877554 276.3549405278351 976.664845266053 352.9610758597453 964.5405905122446 378.87505947216493
0 32.50005759773412 514.0796859527862 44.62007458336577 488.17476000678124 111.03994240226586 519.2503140472137 98.91992541663421 545.1552399932187
