0 169.15286161682656 156.21058912287594 171.9531626615439 150.37798986877362 192.59713838317344 160.28941087712406 189.7968373384561 166.12201013122638
0 404.3584537117949 259.392119150308 410.48626649543945 246.29473351467058 453.88154628820513 266.597880849692 447.75373350456056 279.69526648532946
0 176.88286161682655 136.20058912287595 179.6831626615439 130.36798986877363 200.32713838317343 140.27941087712406 197.5268373384561 146.11201013122638
0 112.95705246438024 106.30807800409791 115.61335996280411 99.98323567611713 142.68294753561975 111.35192199590209 140.02664003719588 117.67676432388286
0 613.1824291822628 360.734325964069 618.9557442923752 349.5798455799656 664.1775708177371 372.985674035931 658.4042557076247 384.14015442003443
0 269.95846224367017 223.48786050542114 278.8243960115534 203.50649872941827 334.4815377563299 228.20213949457886 325.61560398844665 248.18350127058173
0 749.0322213623873 852.3469028802872 762.1831261420278 817.1537415633945 946.4577786376127 886.0130971197127 933.3068738579722 921.2062584366054
0 818.1305344400139 475.63534794489755 828.0407791672451 456.48800741294934 880.5094655599862 483.6446520551024 870.599220832755 502.79199258705063
0 79.9996831926869 120.05992383296405 83.06256836944097 112.76699339355764 111.6903168073131 124.79007616703595 108.62743163055903 132.08300660644235
0 75.65521507926115 109.27355783528687 79.0472345670444 101.1969370199645 112.40478492073885 115.20644216471312 109.0127654329556 123.2830629800355
0 344.3625185208122 228.43606377936868 350.4903313044568 215.33867814373122 392.1374814791878 234.8239362206313 386.0096686955432 247.92132185626878
0 806.8833922563857 495.86360917280587 816.7890403951534 476.7251495965775 869.2666077436144 503.88639082719413 859.3609596048467 523.0248504034224
0 153.00286161682655 125.28058912287592 155.8031626615439 119.4479898687736 176.44713838317344 129.35941087712405 173.6468373384561 135.19201013122637
0 79.293581741138 100.40257512140283 82.35646691789206 93.10964468199643 112.37641825886199 105.71742487859717 109.31353308210792 113.01035531800358
0 29.036304923190762 592.103255158642 39.42146047825319 567.375518826799 165.26369507680926 620.2267448413579 154.87853952174683 644.954481173201
0 372.04558294032176 720.4994052579532 381.4335857667779 695.3761530216193 542.8144170596782 755.6805947420469 533.4264142332221 780.8038469783808
0 109.51138825070298 114.64945849521763 112.82596437118524 106.75723541540489 143.16861174929704 119.50054150478238 139.85403562881478 127.39276458459511
0 524.8420188399646 319.44816352582217 532.8998384164192 303.8798481489645 595.9279811600354 336.5018364741779 587.8701615835807 352.0701518510355
0 208.67647910882982 168.64928067737364 218.9498543246748 148.8003446435591 282.0135208911702 181.44071932262634 271.7401456753252 201.28965535644087
0 148.5173690351064 130.37775318859826 151.31767007982376 124.54515393449596 171.95263096489361 134.45224681140172 169.15232992017627 140.28484606550404
0 170.97286161682655 149.39058912287595 173.7731626615439 143.55798986877363 194.41713838317344 153.46941087712406 191.6168373384561 159.30201013122638
0 261.80822734140435 242.0028009527727 269.81839165593743 223.95010675899152 330.30177265859567 250.78719904722732 322.2916083440626 268.8398932410085
0 874.3000000000001 398.3 890.1 398.3 890.1 448.40000000000003 874.3000000000001 448.40000000000003
0 748.5124291822628 428.90432596406896 754.2857442923753 417.74984557996555 799.5075708177371 441.155674035931 793.7342557076247 452.3101544200344
0 898.3848409672098 523.1712610633838 914.0775939814805 492.8516782358925 1023.7751590327903 549.6287389366162 1008.0824060185196 579.9483217641075
0 276.7561215899704 202.89821516055937 286.634908005206 182.83882386964135 345.32387841002964 211.7417848394406 335.44509199479404 231.80117613035864
0 173.93286161682656 142.57058912287596 176.7331626615439 136.73798986877364 197.37713838317345 146.64941087712407 194.5768373384561 152.4820101312264
0 462.3426295066802 284.93233378765285 467.58474874137477 273.728000432685 512.4473704933197 294.7176662123471 507.2052512586252 305.92199956731497
0 79.6773405960875 89.9464085665475 83.47861865067196 81.82168179257322 116.3126594039125 97.18359143345249 112.51138134932805 105.30831820742678
