0 526.6703883030764 529.4713098943517 628.3517360599487 599.0352626166201 611.6496116969236 623.4486901056483 509.9682639400512 553.88473738338
0 462.08630554156133 242.09596668319858 605.5975632848542 324.2650350784173 591.0836944584387 349.6140333168015 447.5724367151458 267.4449649215827
0 128.8850985349061 356.52289215999133 134.2158043074588 364.47075199559947 113.00490146509388 378.6971078400087 107.67419569254118 370.74924800440056
0 742.0069995135674 720.9689559553376 756.3379227492372 728.7979750007441 731.4030004864327 774.4410440446625 717.0720772507628 766.6120249992559
0 117.00150557068689 403.358922139638 120.73525718951664 412.1705053599728 97.2284944293131 422.131077860362 93.49474281048334 413.3194946400272
0 446.95915020113404 526.7540486293218 486.78159362052605 553.9980479706322 477.69084979886594 567.2859513706782 437.8684063794739 540.0419520293677
0 621.7773133819114 339.9850527474774 740.5863789968107 416.1379274648151 725.7626866180885 439.2649472525226 606.9536210031893 363.1120725351849
0 629.4584463333532 265.35827157061163 729.3079678672894 335.14498556005225 714.2415536666468 356.7017284293883 614.3920321327106 286.9150144399477
0 343.1082244642697 165.4130728818779 450.18324037311675 237.10575429441923 436.8917755357303 256.9569271181221 329.81675962688325 185.26424570558078
0 140.8217838932411 493.36685087159685 146.6112199779713 489.37895295153623 159.4882161067589 508.0731491284032 153.6987800220287 512.0610470484638
0 495.7014728948727 996.4403545536247 501.3413502540617 992.8793598367924 513.5085271051273 1012.1496454463752 507.86864974593834 1015.7106401632075
0 755.1776260753271 637.7945615278841 763.2327613940103 643.0720320391897 743.3723739246728 673.385438472116 735.3172386059897 668.1079679608104
0 708.6424821981425 777.2861037835214 723.5701615758978 785.4411321951789 697.0675178018575 833.9538962164786 682.1398384241022 825.7988678048212
0 741.9404766098032 695.7754777845835 747.3326879016788 689.5977713020959 765.5795233901968 705.5245222154165 760.1873120983212 711.702228697904
0 723.909437217516 785.3530079359026 737.9332065565242 793.0142280427978 711.4305627824839 841.5269920640975 697.4067934434757 833.8657719572024
0 431.35987607365945 492.713262990793 495.5132134205888 536.6029224477891 485.3101239263405 551.516737009207 421.1567865794112 507.6270775522109
0 372.46784905800416 433.25101597297834 434.5495940115102 475.7234228217529 424.3521509419959 490.62898402702166 362.27040598848987 448.1565771782471
0 511.7838734412223 554.8651341686176 628.8164636354146 634.9314368960337 615.0561265587777 655.0448658313825 498.02353636458525 574.9785631039664
0 358.43100626938417 143.2939181784824 465.5060221782313 214.98659959102372 452.2089937306158 234.8460818215176 345.13397782176867 163.15340040897627
0 758.4404990474288 727.2120291134211 771.0513604617936 734.1013741031634 745.2295009525712 781.3679708865789 732.6186395382065 774.4786258968365
0 116.43268947189037 388.5280554251186 121.35950581825284 396.73240675165357 93.61731052810964 413.39194457488134 88.69049418174717 405.1875932483464
0 688.8778246497947 834.184219970762 707.7546255560566 844.4966633061384 677.7521753502054 899.4157800292379 658.8753744439435 889.1033366938615
0 372.62735034491953 455.7051016618789 426.45573914932874 492.53108377670316 416.25264965508046 507.44489833812105 362.42426085067126 470.6189162232968
0 251.4150274173411 353.27524334682397 346.5666756301807 414.2644574947372 337.62497258265887 428.21475665317604 242.47332436981924 367.2255425052628
0 219.47683769562778 352.1521574236862 356.8919148616133 440.23090041804465 341.8631623043722 463.6778425763138 204.44808513838674 375.5990995819554
0 347.32016407785994 767.7621740020766 361.3284582174418 758.1129359337649 391.5298359221401 801.9578259979235 377.52154178255824 811.6070640662351
0 650.3323398074481 913.2369114296293 664.0665069010324 920.7399211087852 640.7376601925519 963.4430885703707 627.0034930989675 955.9400788912149
0 747.0076968506231 689.5942040698582 752.0844126444957 683.1547198709301 771.1123031493768 698.1557959301418 766.0355873555042 704.5952801290699
0 681.403013581354 212.82089416224514 800.7427139137195 292.72546427297914 781.4369864186459 321.5591058377548 662.0972860862804 241.65453572702083
0 210.7106869876891 595.3046608314436 227.8484060379359 583.4998022658018 267.6593130123109 641.2953391685563 250.52159396206412 653.1001977341981
0 163.27785064492943 524.8955431670875 180.41556969517623 513.0906846014457 220.23214935507056 570.8944568329125 203.09443030482376 582.6993153985543
0 443.47546162235375 477.7065881788294 508.43762787189456 522.1495972597527 498.2345383776463 537.0634118211706 433.2723721281055 492.6204027402473
0 499.91300249627164 990.04012662876 508.00500044641234 984.930873339392 526.1569975037282 1013.67987337124 518.0649995535875 1018.7891266606081
