0 441.08 782.73 519.43 782.73 519.43 800.9000000000001 441.08 800.9000000000001
0 383.83000000000004 669.82 392.37 669.82 392.37 693.32 383.83000000000004 693.32
0 382.22999999999996 706.6800000000001 389.7 706.6800000000001 389.7 730.72 382.22999999999996 730.72
0 398.2 792.3 428.17 792.3 428.17 802.31 398.2 802.31
0 863.2719500387832 508.7469072682972 884.1825367448121 509.37441313253333 881.4280499612169 601.1630927317028 860.517463255188 600.5355868674667
0 376.34999999999997 735.5200000000001 385.43 735.5200000000001 385.43 760.63 376.34999999999997 760.63
0 617.5850966347741 305.3603440898333 711.4969326478508 304.12201592129287 711.8549033652259 331.2696559101667 617.9430673521492 332.5079840787071
0 375.82 704.5400000000001 382.76000000000005 704.5400000000001 382.76000000000005 729.65 375.82 729.65
0 554.21 784.71 636.25 784.71 636.25 803.3 554.21 803.3
0 498.91 306.9 591.49 306.9 591.49 332.78 498.91 332.78
0 439.96863741626464 766.7410628464365 517.3564183237986 763.3969686181683 518.1913625837353 782.7189371535635 440.8035816762015 786.0630313818317
0 641.38 783.9 719.58 783.9 719.58 804.58 641.38 804.58
0 376.88 670.36 385.96000000000004 670.36 385.96000000000004 693.32 376.88 693.32
0 863.2 371.29999999999995 883.6800000000001 371.29999999999995 883.6800000000001 471.26 863.2 471.26
0 762.2700429816449 307.09666865189297 857.8709196191031 309.00894116110953 857.309957018355 337.053331348107 761.7090803808968 335.14105883889044
0 556.13 766.76 633.0500000000001 766.76 633.0500000000001 785.3499999999999 556.13 785.3499999999999
