0 396.86325512535007 780.735298947481 416.1759082669265 779.7071799693673 419.2767448746499 837.954701052519 399.9640917330735 838.9828200306328
0 305.6648655471286 55.453220095176874 333.95148219184836 47.221639518236515 398.1751344528714 267.9167799048231 369.8885178081517 276.14836048176346
0 422.8855485670466 994.5609121276642 467.0427966547702 976.7606441150966 471.4844514329534 987.7790878723357 427.3272033452298 1005.5793558849033
0 413.13325512535005 782.9552989474811 432.4459082669265 781.9271799693673 435.5467448746499 840.174701052519 416.23409173307346 841.2028200306328
0 411.07662232982415 914.2583480127083 463.9009990603095 910.916174612695 464.9933776701759 928.1816519872917 412.16900093969053 931.523825387305
0 365.4170644037254 381.1533416769721 385.019307483826 380.10980623021044 391.15293559627463 495.3266583230279 371.550692516174 496.3701937697896
0 957.694259515859 886.2420274142096 944.7406663184958 866.9950945864257 1009.325740484141 823.5279725857904 1022.2793336815042 842.7749054135743
0 919.8766132868242 931.3617265583789 938.6240593981273 934.3871793019835 924.2933867131759 1023.188273441621 905.5459406018728 1020.1628206980165
0 400.3801520122555 659.2739844691733 439.9079092013526 655.5798794896447 450.4998479877445 768.9160155308267 410.9720907986474 772.6101205103554
0 403.27372506825805 854.318472341502 420.9387113182315 853.3780677539719 423.816274931742 907.431527658498 406.1512886817685 908.3719322460281
0 431.1059887960083 787.4523931568648 449.13992961444535 786.3113942273684 452.42401120399165 838.2176068431353 434.3900703855546 839.3586057726317
0 419.48847541992825 846.1307798850494 436.260278912829 844.732385235631 440.6615245800717 897.5192201149507 423.889721087171 898.9176147643691
