0 50.34354192927886 608.8780825168085 54.125362102527546 600.1196901884637 84.81645807072114 613.3719174831915 81.03463789747245 622.1303098115363
0 240.335233204318 528.7362007267384 245.7272955061983 534.8741616367345 229.57476679568202 549.0637992732616 224.18270449380174 542.9258383632655
0 154.61220848387995 520.1237251062229 163.18129749741485 512.5596247976524 181.69779151612005 533.5362748937772 173.12870250258516 541.1003752023477
0 335.4693239618153 537.0380145156463 340.14153179242686 529.0199802186647 364.2906760381847 543.0919854843538 359.61846820757313 551.1100197813354
0 388.11613476048115 336.32536888739844 408.75858192955354 322.70691541895883 528.2738652395188 503.8646311126016 507.63141807044644 517.4830845810412
0 27.086347274627208 460.3632778670947 35.348845939171916 464.1526334611762 24.74365272537279 487.27672213290526 16.481154060828082 483.4873665388238
0 364.804429629913 417.4472811133138 377.963266847181 408.57587180647624 404.085570370087 447.3227188866862 390.926733152819 456.19412819352374
0 16.19052401532353 595.1734921644351 19.968380016482868 586.424280540837 50.65947598467646 599.6765078355648 46.881619983517126 608.4257194591629
0 16.808132281652195 584.6750646028531 20.5899524549009 575.9166722745083 51.271867718347806 589.1649353971468 47.4900475450991 597.9233277254916
0 149.0913574202374 526.2950227532735 154.35844800774845 521.3567885807224 172.94864257976263 541.1849772467265 167.68155199225157 546.1232114192776
0 273.0571412305406 522.5932684689283 277.17681679278206 517.2588637915653 296.62285876945936 532.2767315310716 292.5031832072179 537.6111362084346
0 185.2464956148541 550.259876555836 191.75537923805211 547.7114389992801 198.3835043851459 564.6401234441641 191.87462076194788 567.18856100072
0 268.541809657092 530.2884602687966 274.6785370524784 522.3422550817456 296.198190342908 538.9615397312034 290.0614629475216 546.9077449182544
0 174.24675271111937 542.7420962438442 180.92324707139545 540.1280336858321 190.72324728888066 565.1579037561559 184.04675292860458 567.771966314168
0 338.7219499624338 529.3860778294287 341.83290065986836 523.5199389154469 358.69805003756613 532.4639221705712 355.5870993401316 538.330061084553
0 139.9037433372031 530.7818851262814 146.18749826019157 524.649770966563 168.81625666279692 547.8381148737185 162.53250173980845 553.9702290334369
0 84.81354192927886 623.6180825168085 88.59536210252755 614.8596901884637 119.28645807072114 628.1119174831915 115.50463789747245 636.8703098115363
