0 761.7196283735004 822.9549737504032 770.0254382817218 825.7074311557941 763.0703716264995 846.6950262495969 754.7645617182782 843.942568844206
0 132.88383075209802 102.85945871676874 141.54833208667813 94.05895210504123 174.30616924790198 126.31054128323125 165.64166791332187 135.11104789495874
0 224.2192926410944 622.1383578552455 230.7229304849452 615.5326334592363 253.2907073589056 637.7516421447546 246.78706951505478 644.3573665407638
0 90.47677941967504 496.1381644206817 94.55366903394071 490.8591615723122 116.45322058032497 507.7718355793183 112.3763309660593 513.0508384276877
0 48.673820187846985 456.9613367609314 56.07941932919065 449.5884403587208 74.89617981215301 468.48866323906867 67.49058067080934 475.86155964127926
0 803.5289854969639 123.7245284447123 814.5211475753218 130.1650232116621 788.4710145030361 174.6254715552877 777.4788524246782 168.18497678833793
0 236.59512516546417 202.29130229408355 245.95634548353812 193.15598871673546 279.2848748345358 227.30869770591647 269.92365451646185 236.44401128326456
0 871.8191794830047 954.6589501755452 875.4238320000436 945.2990687536785 907.7308205169952 957.7410498244549 904.1261679999564 967.1009312463216
0 754.9387765749478 816.867125268908 764.2696679070169 820.3792993746606 755.9912234250522 842.372874731092 746.6603320929831 838.8607006253394
0 814.3357047226968 130.53514950183884 826.0008563160563 137.3699602749284 802.1042952773032 178.15485049816115 790.4391436839437 171.3200397250716
0 950.1438511694353 831.2464274992415 957.8749709945114 833.3030719143787 951.8361488305648 856.0035725007585 944.1050290054886 853.9469280856213
0 772.7805303401037 826.6518640872446 781.5324808948237 829.5521677761251 774.3194696598962 851.3181359127555 765.5675191051762 848.4178322238749
0 92.94807274722675 489.6522654872285 97.41003589327462 483.8746461779186 118.35192725277327 500.04773451277157 113.88996410672539 505.82535382208147
0 824.2103067595183 936.3057723742395 827.8437102437917 926.8712358662563 853.7396932404818 936.8442276257606 850.1062897562083 946.2787641337438
0 992.1827253696664 843.776476553966 1001.4025459196354 847.6745541604755 988.1272746303335 879.073523446034 978.9074540803646 875.1754458395244
0 116.57381628836008 524.2650684083236 121.00521804299665 518.5270218340089 140.7361837116399 533.7649315916764 136.30478195700334 539.5029781659911
0 799.960326861589 925.3537686107929 803.4607571224024 916.2645118760988 827.6396731384109 925.5762313892071 824.1392428775976 934.6654881239012
0 785.8783619995022 175.88612915438674 794.860830740575 181.90039181207393 770.0916380004978 218.89387084561324 761.109169259425 212.87960818792604
0 958.0734307762455 833.3770243844671 966.6967513294701 835.5789196218324 959.5665692237546 863.502975615533 950.94324867053 861.3010803781677
0 362.1151251654642 322.4413022940835 371.4763454835381 313.3059887167355 404.8048748345358 347.45869770591645 395.44365451646183 356.5940112832645
0 450.2 381.0 649.12 381.0 649.12 409.6 450.2 409.6
0 83.67578183504617 52.14924380611188 90.21449863166856 45.50788982867864 111.36421816495383 66.33075619388812 104.82550136833143 72.97211017132136
0 211.28926596381362 174.2460594573928 216.71247206229978 168.7377261692427 242.08073403618639 193.7139405426072 236.65752793770022 199.22227383075727
0 313.1470199408112 274.8137056424395 321.98578683134735 266.1882375476193 366.50298005918876 311.8062943575605 357.6642131686526 320.4317624523807
0 774.5470353531783 172.48143330317882 783.123337634095 177.506434714755 762.5329646468216 212.64856669682118 753.9566623659049 207.623565285245
