0 158.2702499956912 461.2034624950979 184.75568665863773 443.73021022847485 241.83975000430883 530.2565375049021 215.35431334136229 547.7297897715251
0 646.2913863250315 582.0993269231273 664.4296951395863 570.1329300824806 702.1186136749686 627.2606730768726 683.9803048604138 639.2270699175193
0 273.67631198498515 639.1842164718474 299.7193508719669 622.0028275428011 406.0236880150149 783.1357835281525 379.9806491280331 800.3171724571988
0 734.5124908309248 707.5312368209314 740.8229194843087 703.3680541188934 753.7475091690752 722.9587631790686 747.4370805156913 727.1219458811066
0 926.1526079718562 931.3886781852594 951.6985962051153 941.8894822109611 946.8473920281438 953.6913218147405 921.3014037948847 943.1905177890388
0 632.001591417653 598.3889247522898 648.7709712650718 587.3256522015033 684.8684085823469 642.0410752477103 668.0990287349281 653.1043477984967
0 241.05429149437327 88.0870157246271 319.1333253882283 36.57589007004404 516.2457085056267 335.35298427537293 438.16667461177167 386.86410992995593
0 690.0443024744603 643.3232698685376 704.4514451407841 633.8184374033024 734.3756975255397 679.1767301314624 719.9685548592159 688.6815625966976
0 468.82079740735253 443.4646901103921 479.641458325386 434.8357332037351 499.0192025926475 459.1353098896079 488.19854167461403 467.7642667962649
0 879.9682403877553 912.8734231251321 891.715021382704 904.0691323384356 908.9517596122448 927.0665768748679 897.2049786172961 935.8708676615645
0 533.0485122339245 437.05887780781813 563.3903219628279 417.04145833439406 651.0814877660756 549.9611221921818 620.7396780371722 569.9785416656059
0 739.463119391279 699.3672288325522 744.8136283420979 695.8373345045013 762.286880608721 722.3227711674479 756.9363716579021 725.8526654954987
0 964.2221099217329 949.799422416046 989.0810808480446 951.5423981716973 988.4578900782672 960.430577583954 963.5989191519554 958.6876018283027
