0 40.38539289738427 921.6593466690445 158.43664011804506 903.4328404309738 162.50460710261572 929.7806533309556 44.45335988195492 948.0071595690263
0 333.3574883692377 291.03338093146033 605.5744580403913 260.0901696718921 610.9325116307622 307.22661906853966 338.71554195960863 338.1698303281079
0 753.5795161015759 224.44134454184126 767.9658178639521 222.07264836000434 774.740483898424 263.21865545815876 760.3541821360478 265.5873516399957
0 790.8532363947911 169.4737872575827 822.6057186110647 164.24575960795906 838.9867636052088 263.7362127424173 807.2342813889352 268.96424039204095
0 827.4925934821076 193.20909777544873 845.9046916224329 190.17755657153393 856.7474065178924 256.0309022245513 838.3353083775671 259.0624434284661
0 750.8525648599691 193.5383341930746 796.0835712239834 186.09107541561195 808.4274351400309 261.0616658069254 763.1964287760165 268.50892458438807
0 654.9497312435979 215.8065813617843 669.2361762740068 208.49221273605167 682.420268756402 234.2434186382157 668.1338237259931 241.55778726394834
0 860.3658426327969 168.94565778095478 884.1136514248575 165.7639636448485 894.454157367203 242.9443422190452 870.7063485751424 246.12603635515148
0 647.380037604383 220.07428291245634 654.153859827524 216.6062240188847 669.169962395617 245.93571708754365 662.396140172476 249.4037759811153
0 598.9867238154185 635.098191575162 626.4172178553944 614.5388531441022 635.7732761845815 627.0218084248379 608.3427821446056 647.5811468558977
0 32.72085329943416 944.1186661707155 236.47661419925527 912.6598232146417 241.66914670056582 946.2913338292846 37.9133858007447 977.7501767853583
0 694.4425162514168 187.36522823928425 702.2529268285328 174.84104816165546 723.4574837485833 188.06477176071576 715.6470731714672 200.58895183834454
0 372.62581648492227 823.6233507652698 654.0927872030146 765.6331653157436 674.8357835150779 866.3134492347301 393.3688127969854 924.3036346842564
0 882.0382716446964 157.52078142277816 908.7715176666209 153.39330554383457 924.5917283553038 255.85921857722184 897.8584823333792 259.9866944561654
