0 422.87030390164966 407.964440708174 443.5142021015565 421.4896714681974 379.72969609835036 518.845559291826 359.0857978984435 505.32032853180255
0 212.0594574585286 741.2726557005334 215.8693734092079 734.8821830694395 240.40054254147137 749.5073442994666 236.59062659079208 755.8978169305605
0 417.0072935506979 367.73049537548115 439.7256191223944 382.6148254987485 357.4727064493021 508.15950462451883 334.7543808776056 493.2751745012515
0 744.4005001637915 606.7498323679721 755.0904928297077 613.7535782801723 718.6194998362084 669.420167632028 707.9295071702923 662.4164217198278
0 232.92312659668957 778.8801520993383 238.4894957343084 769.5435341557912 267.3668734033104 786.7598479006618 261.8005042656916 796.0964658442089
0 249.74129815685674 683.6502290644003 256.6390895353043 672.080381437944 309.1887018431432 703.4097709355997 302.2909104646956 714.979618562056
0 324.3894830439523 513.8880196157713 345.4127377579397 526.7774866812015 279.47051695604773 634.3319803842287 258.44726224206033 621.4425133187985
0 635.8531249038728 800.4570118497124 641.9674255021404 790.2013339981988 678.6868750961272 812.0929881502875 672.5725744978596 822.3486660018011
0 301.45820507050547 684.5181601765272 305.3244504236814 678.0332047511564 329.39179492949455 692.3818398234729 325.5255495763186 698.8667952488437
0 202.7651627860615 758.1350952731473 206.57507873674078 751.7446226420534 231.1148372139385 766.3749047268527 227.30492126325922 772.7653773579466
0 339.75219056308987 527.6572698338477 362.63394873516705 541.6861950583466 297.4078094369101 648.0727301661523 274.5260512648329 634.0438049416534
0 620.6160363753223 834.68192403459 626.9351711644866 824.0826723857059 666.7639636246778 847.82807596541 660.4448288355135 858.4273276142941
0 242.46032084231814 758.8724001926041 246.39825816230785 752.2671939381537 273.78967915768186 768.5975998073959 269.85174183769215 775.2028060618463
