0 850.3945941646338 644.8558799957963 915.6459182845962 682.2162975602668 905.3754058353662 700.1541200042037 840.1240817154038 662.7937024397332
0 621.9171612509525 391.5656593712649 652.2604878928342 378.9797534323159 725.3928387490474 555.2943406287351 695.0495121071657 567.8802465676841
0 490.44389059153383 53.716396425771094 508.53904337431806 46.21082877450739 539.9061094084661 121.83360357422892 521.8109566256819 129.33917122549263
0 295.3802810664396 268.22408663723587 308.66299148075495 262.71463983656344 333.35971893356043 322.25591336276415 320.07700851924506 327.7653601634366
0 839.5624944101481 663.6254547041302 905.9680180390818 701.6467228519329 895.6975055898519 719.5845452958698 829.2919819609182 681.5632771480672
0 530.1742552349026 857.7953318523706 566.1059266616667 842.8914736780899 624.9857447650975 984.8446681476295 589.0540733383334 999.7485263219102
0 365.6803559484452 475.64671197414145 382.8073925187403 467.30602145597845 432.8296440515548 570.0232880258586 415.7026074812597 578.3639785440216
0 215.44525510748858 125.63379355554534 231.25888530867624 119.07456342845833 253.79474489251143 173.40620644445468 237.98111469132377 179.9654365715417
0 281.2117382128143 274.0805645220485 293.6077030083714 268.93892501822216 318.3082617871857 328.48943547795153 305.9122969916286 333.6310749817779
0 312.61858772085895 346.7041009365298 330.2149460930917 339.405424889742 375.4514122791411 448.46589906347015 357.8550539069083 455.76457511025797
0 256.1593479412629 176.16970475895238 272.2870338824274 169.48020954756572 292.4206520587371 218.02029524104762 276.29296611757263 224.70979045243428
0 240.48934794126288 183.12970475895236 256.6170338824274 176.4402095475657 276.7506520587371 224.98029524104766 260.6229661175726 231.6697904524343
0 788.2995823651656 604.4312675518692 844.0309300840643 636.3409100041939 833.7604176348343 654.2787324481309 778.0290699159357 622.3690899958061
0 763.7564370603749 639.8330910484567 819.4791065874768 671.737764699403 809.2135629396251 689.6669089515433 753.4908934125232 657.762235300597
0 233.50934794126286 122.37970475895237 249.63703388242735 115.69020954756571 269.7706520587371 164.23029524104766 253.64296611757263 170.9197904524343
0 776.0264370603749 621.7630910484567 831.7491065874768 653.6677646994029 821.4835629396251 671.5969089515432 765.7608934125232 639.692235300597
0 329.311027231748 340.6397031761266 349.1704343185199 332.40235225717964 394.268972768252 441.1302968238734 374.40956568148016 449.36764774282034
