0 392.86012648281155 676.6684413006099 426.7844257187978 691.4130003427535 422.9298735171884 700.2815586993902 389.00557428120214 685.5369996572465
0 283.0424845868053 610.0609108177151 354.99978434499616 641.335798691373 349.91751541319474 653.0290891822848 277.9602156550039 621.7542013086269
0 94.2579643577958 546.3502689404826 129.97982040650257 561.8761022654759 125.3320356422042 572.5697310595175 89.61017959349743 557.0438977345242
0 849.449118747179 871.122936758343 942.0927027922917 908.1259627869822 934.8708812528209 926.2070632416569 842.2272972077083 889.2040372130177
0 495.3122990243236 581.7127542701749 534.0423113718688 598.546026190957 530.7777009756763 606.0572457298251 492.04768862813114 589.223973809043
0 187.95424558566307 569.3143462637048 260.6452420021072 600.9081215997502 254.76575441433695 614.4356537362952 182.07475799789282 582.8418784002498
0 275.3361361505487 622.7057294662819 347.01829966189456 653.8610345415444 341.9838638494513 665.4442705337182 270.3017003381055 634.2889654584557
0 684.6579239260459 799.5580823471003 719.0866396145811 814.5218765196355 714.662076073954 824.7019176528997 680.2333603854188 809.7381234803645
0 453.47442563375165 684.3906221330569 494.8457459510087 702.3718889184343 489.7355743662484 714.1293778669431 448.3642540489913 696.1481110815657
0 445.31165359196376 695.4801447970403 485.9584484591957 713.14651021331 480.8283464080362 724.9498552029597 440.18155154080426 707.2834897866901
0 496.36680670143704 703.1425034633692 533.0883244470139 719.1028209558654 528.2531932985629 730.2274965366307 491.531675552986 714.2671790441345
0 489.77320023724275 715.641753604387 526.5038891910477 731.6060571901631 521.6567997627573 742.7582463956131 484.92611080895216 726.793942809837
0 532.5962327434668 727.8705027987528 575.6275417500219 746.5732524677819 568.6837672565332 762.5494972012473 525.652458249978 743.8467475322182
0 181.59572175466275 583.8377225129218 253.26871405778047 614.9890414949045 248.23427824533724 626.5722774870783 176.5612859422195 595.4209585050955
0 53.7149328921557 532.5838961570413 85.44731336161024 546.3757789053024 81.5050671078443 555.4461038429587 49.77268663838976 541.6542210946976
0 116.03830130435115 419.75865325238635 253.90907459837143 479.6815935282847 241.69169869564888 507.7913467476136 103.8209254016286 447.8684064717153
0 725.4864658334159 823.8027672942973 747.9284285620251 839.4878783518485 744.2735341665841 844.7172327057027 721.8315714379748 829.0321216481515
