0 742.9516085010496 430.13935479086604 779.4875128102221 428.5605589487827 787.8183914989504 621.350645209134 751.2824871897778 622.9294410512173
0 935.2200476891047 403.1150400096863 966.3410324343275 397.99098804980036 1000.8999523108952 607.8849599903136 969.7789675656724 613.0090119501996
0 542.4498740765766 392.9671775636492 576.4386470460802 390.47524818512613 589.0701259234233 562.7628224363508 555.0813529539198 565.2547518148739
0 699.2691835525895 3.6681321398382423 723.8198189357006 0.37887655756140504 735.0208164474104 83.98186786016177 710.4701810642994 87.27112344243861
0 372.53574965457415 464.3647393589547 402.925390826687 455.8498518417748 446.6842503454259 612.0252606410454 416.294609173313 620.5401481582253
0 802.4244120147214 124.42332908649503 972.0139828568495 153.53453589045301 966.4055879852785 186.20667091350498 796.8160171431505 157.09546410954698
0 484.97728028544987 392.0440412802194 515.8884336714439 390.7083031518613 522.9427197145501 553.9559587197806 492.0315663285561 555.2916968481387
0 16.652722810637954 447.8247615587169 47.3483439230307 444.0242688900713 67.27727718936205 604.9852384412831 36.58165607696931 608.7857311099286
0 291.34287072991884 459.1048851309886 321.73084093559186 455.34248340082604 341.9571292700811 618.7051148690114 311.5691590644081 622.4675165991739
0 622.3177884877139 388.4445268983043 658.8121230025458 390.27076574345483 650.2022115122861 562.3254731016957 613.7078769974542 560.4992342565452
0 803.811387979921 427.32914359314225 840.3373016124984 425.7507794699112 848.668612020079 618.5508564068579 812.1426983875016 620.1292205300889
0 347.5369985827773 468.0466377097324 378.1504759894316 463.6330336187126 401.29300141722274 624.1533622902676 370.67952401056846 628.5669663812874
