0 122.1969164411822 943.2815542292756 131.68612506419814 913.4126654031261 278.5430835588178 960.0684457707243 269.0538749358019 989.9373345968738
0 10.997616476603637 359.5681458228403 33.93246248626214 361.8693060765497 23.192383523396362 468.91185417715974 0.25753751373786393 466.6106939234503
0 375.0097710084038 726.9448046962642 397.9204554859562 711.1633935816004 403.9902289915962 719.9751953037359 381.0795445140438 735.7566064183997
0 980.02372136908 215.80874638449487 990.9163932649376 214.34936330620573 995.68627863092 249.95125361550512 984.7936067350624 251.41063669379426
0 718.3343342545717 684.472937465315 760.682427440889 696.1931167934222 757.5456657454284 707.527062534685 715.1975725591111 695.8068832065778
0 711.1961318707298 467.07401588295556 718.0914404096453 461.68725246201734 735.7538681292702 484.29598411704444 728.8585595903547 489.68274753798266
0 440.5147592122088 832.3693338312117 462.6999192930938 816.0853210522463 468.6052407877912 824.1306661687883 446.4200807069062 840.4146789477537
0 675.155395323429 494.68104266069827 694.9429607419627 479.2225707178686 700.994604676571 486.9689573393017 681.2070392580374 502.42742928213136
0 963.8630400221577 131.91880658360193 975.3008410847779 130.3863879554439 980.1769599778422 166.78119341639805 968.7391589152221 168.3136120445561
0 321.1076897336717 766.9363402378149 361.6891199106975 737.1493779088498 369.0323102663283 747.153659762185 328.4508800893025 776.9406220911501
0 0.19101839050115643 792.6280716977237 25.168862956078115 774.6757771129671 107.20898160949885 888.8219283022763 82.23113704392189 906.7742228870329
0 968.8761050672616 173.3359824887116 981.9889393877526 171.5791455345928 987.3138949327384 211.32401751128842 974.2010606122475 213.0808544654072
0 938.3629597547537 287.3039179651236 976.3590857206322 262.2367120660792 984.7570402452462 274.96608203487637 946.7609142793677 300.0332879339208
0 818.5960602572632 387.9167928797175 823.6473662840574 383.9706039050644 836.2739397427367 400.13320712028246 831.2226337159425 404.07939609493553
0 901.0259276563099 709.8753117203657 932.6818322567376 717.622040315626 929.8840723436901 729.0546882796343 898.2281677432625 721.307959684374
0 519.7003666815432 614.885177309617 539.0698598128168 601.5430209682476 545.1396333184567 610.354822690383 525.7701401871831 623.6969790317524
0 866.0866019017312 702.6282391100843 896.6351812108276 710.1039867112178 894.5433980982689 718.6517608899156 863.9948187891725 711.1760132887822
0 974.3203313732831 732.7478401443976 998.8466152382969 738.7498314616827 996.7096686267168 747.4821598556024 972.1833847617031 741.4801685383173
0 277.46724845469015 796.9565915609807 292.7276074783512 785.7554156196358 298.5027515453099 793.6234084390193 283.2423925216488 804.8245843803642
0 861.6942847490527 683.3329887459083 871.3979511178245 685.7076379839154 865.2557152509473 710.8070112540918 855.5520488821755 708.4323620160847
0 595.3164939173325 558.8327633163024 617.1957246982145 539.9054243475803 623.6335060826675 547.3472366836977 601.7542753017856 566.2745756524198
0 781.5209996708725 415.31643511815713 787.021485796773 411.01933698351155 800.0790003291274 427.7335648818428 794.5785142032269 432.0306630164884
0 933.642950255066 720.6674620093946 962.8802232981121 727.8223110648513 960.4770497449339 737.6425379906053 931.2397767018878 730.4876889351486
0 103.0360067723787 64.89673274450146 142.25008368448417 79.65702311872772 46.66399322762128 333.6032672554985 7.449916315515814 318.8429768812723
0 473.0494418820767 808.1841051949822 493.0983129290102 793.4681387046891 498.0805581179233 800.2558948050179 478.0316870709898 814.971861295311
0 605.0712590128334 707.8065542514576 623.0805786424472 694.5876281801609 628.0687409871667 701.3834457485425 610.0594213575529 714.6023718198392
0 801.5675354541754 685.0468934236318 823.7431814200472 690.4736443849632 821.5824645458247 699.3031065763681 799.4068185799529 693.8763556150367
0 496.2135287542034 791.103004359214 512.5783089010771 779.0911780724044 517.5664712457966 785.886995640786 501.2016910989228 797.8988219275956
0 746.7998822964594 666.0078499794294 772.3654977945648 672.2641831069915 769.2801177035406 684.8721500205708 743.7145022054351 678.6158168930086
0 911.9310955454878 309.0142285977241 936.1794319776704 291.9513835749359 942.1989044545123 300.50577140227585 917.9505680223297 317.5686164250641
0 548.4411199675311 594.8211037779713 588.7256085533007 565.8674843257681 596.948880032469 577.3088962220288 556.6643914466994 606.262515674232
0 643.5225953519018 521.286429366602 672.8769088461422 498.3542079460363 679.9074046480982 507.3535706333981 650.5530911538578 530.2857920539637
0 758.1403088496423 432.65201832841734 764.4918730580606 427.6900396801016 780.2396911503578 447.84798167158266 773.8881269419395 452.8099603198984
0 410.9087281406889 853.570435970143 434.63980994536513 840.1968292621617 438.6312718593111 847.2795640298569 414.90019005463483 860.6531707378382
0 890.654905098261 326.36720470420187 908.7450636776834 313.63768929428363 913.625094901739 320.5727952957982 895.5349363223165 333.3023107057164
0 620.7743871360617 538.0348065754395 640.0339689293298 522.9888068031273 646.0856128639382 530.7351934245605 626.8260310706701 545.7811931968727
0 653.1461542687109 671.3462018932187 676.0085513135109 651.568343026144 681.5238457312892 657.9437981067813 658.6614486864892 677.7216569738559
0 443.3397710084038 674.6548046962641 466.2504554859562 658.8733935816003 472.3202289915962 667.6851953037358 449.4095445140438 683.4666064183996
