0 270.2 56.74000000000001 316.35999999999996 56.74000000000001 316.35999999999996 398.57 270.2 398.57
0 351.51 556.61 403.90999999999997 556.61 403.90999999999997 924.89 351.51 924.89
0 727.4863828249208 724.2597853914897 766.0083778452481 698.8456476006088 771.8236171750791 707.6602146085104 733.3016221547518 733.0743523993913
0 343.6796491406224 429.06353045029914 480.774125838477 424.51233731647073 481.73035085937755 453.31646954970086 344.63587416152296 457.86766268352926
0 782.7150856045175 684.6153154375647 822.1051819210775 658.6284646823822 827.9149143954826 667.4346845624352 788.5248180789226 693.4215353176178
0 827.7400296486967 874.8826802593118 931.3275238864587 805.0461859490903 948.8299703513032 831.0073197406883 845.2424761135412 900.8438140509098
0 774.0011375539312 731.2184008172105 841.2289052448772 686.8661872163968 852.0388624460687 703.2515991827895 784.8110947551228 747.6038127836032
0 711.0525704957143 486.07993894726735 731.8934269910231 473.7795852717853 774.8074295042856 546.4900610527326 753.9665730089768 558.7904147282146
0 566.1151347234039 299.54693866477953 596.9113755610998 281.3708788534061 685.224865276596 431.0030613352204 654.4286244389001 449.17912114659384
0 672.0079428528041 801.9482504656512 755.2788902683586 747.011860736111 769.872057147196 769.1317495343487 686.6011097316415 824.068139263889
0 334.2532446186514 119.11158733654855 369.94129872859577 119.7117385305682 364.83575538134863 423.3134126634514 329.1477012714043 422.71326146943176
