0 437.55626431674887 392.2116881603912 464.6823137364771 409.5986327705997 459.66373568325116 417.4283118396088 432.5376862635229 400.0413672294003
0 358.0845775750362 617.9146830455472 416.32851191921213 657.7615023930348 406.12542242496386 672.6753169544527 347.8814880807879 632.8284976069651
0 472.01860437054336 406.2383261139378 523.6860672162518 439.3555449447415 517.6313956294566 448.8016738860622 465.9639327837482 415.68445505525847
0 687.922012985762 524.235014207938 968.7212452316335 704.2184914221788 944.167987014238 742.524985792062 663.3687547683664 562.5415085778212
0 577.6426671876083 18.046664913738255 615.9465939637419 41.53100210959275 463.90733281239164 289.51333508626175 425.6034060362581 266.02899789040725
0 532.2615993528639 454.3141274322346 579.138645649899 484.36083990574207 571.578400647136 496.1558725677654 524.7013543501009 466.10916009425796
0 265.36818278665004 698.7771266977747 305.02067199330986 725.3266747111727 123.15181721334996 996.9528733022253 83.49932800669013 970.4033252888273
0 434.3993137663925 402.0353522702637 456.42344327663744 416.1521266651443 451.96068623360753 423.1146477297363 429.93655672336257 408.9978733348557
0 467.43968745939975 418.57967756045724 516.6403804478828 450.11577448847044 510.5803125406003 459.57032243954274 461.3796195521173 428.03422551152954
0 944.3738651444963 844.6216710959144 961.8358342335824 856.3134310841198 909.2179348555036 934.8997289040857 891.7559657664175 923.2079689158803
