0 679.1524500185665 391.496674968414 732.8535905587555 423.6867294058154 526.9575499814334 767.173325031586 473.25640944124433 734.9832705941847
0 316.6681756721904 135.72993620438322 358.71715308342687 163.27909950691074 166.20182432780962 457.12006379561683 124.15284691657313 429.5709004930893
0 886.3153962805286 503.8654114951522 931.1821374026702 530.7598652185267 749.0546037194713 834.5945885048478 704.1878625973297 807.7001347814734
0 952.3782257031335 489.4193070651854 998.2313318088436 516.9050171789607 987.8817742968665 534.1706929348146 942.0286681911564 506.68498282103917
0 237.96715373447302 709.8506135060647 250.41760712554583 718.5524702249911 216.10284626552698 767.6493864939353 203.65239287445416 758.9475297750089
0 945.0526206584246 509.51668370664805 986.0339414539882 534.0821013878337 973.2473793415753 555.413316293352 932.2660585460118 530.8478986121663
0 858.5006287849795 748.3974755983521 896.2140795045469 771.0040351513395 761.2893712150204 996.0925244016479 723.575920495453 973.4859648486605
0 294.8708968695307 77.99985934940452 336.5518307148045 105.3078921197436 144.9791031304693 397.71014065059546 103.2981692851955 370.4021078802564
0 509.1275007469047 47.839782329359814 531.4272552687778 61.82060305863747 524.1924992530953 73.3602176706402 501.8927447312222 59.379396941362536
0 751.0682912586517 485.6661755609714 772.4106475050796 499.0467558865985 682.9217087413483 641.7838244390286 661.5793524949204 628.4032441134016
