0 242.5158612925377 610.6942899683993 249.16266901920727 615.9602511384694 230.5641387074623 639.4357100316008 223.9173309807927 634.1697488615307
0 492.5526290477271 515.5978111802542 510.83077984568126 528.3727555404948 438.9473709522729 631.2221888197457 420.66922015431874 618.4472444595051
0 376.3650055672395 198.93346537939908 401.74987463054396 217.05595203655764 253.18499443276045 425.15653462060095 227.800125369456 407.0340479634424
0 585.6082813690308 401.0089626819867 602.3045114925432 412.6782728442335 551.1417186309692 485.8810373180133 534.4454885074568 474.2117271557665
0 298.2020768292138 566.9309628023137 303.306436032142 571.9805090321726 283.0379231707862 592.4690371976864 277.933563967858 587.4194909678275
0 618.9231617828518 643.4093927527765 636.3131546421221 649.1722521432637 603.9568382171483 746.8106072472235 586.566845357878 741.0477478567364
0 365.5939070734678 602.707952726068 375.00346631833395 609.2844711680216 340.7860929265322 658.242047273932 331.37653368166605 651.6655288319785
0 662.1917147913856 604.7609735338511 679.5099337897458 609.7409023209765 643.4482852086145 735.1490264661489 626.1300662102543 730.1690976790236
0 858.1787031311943 780.3297574419692 983.4499249769691 817.7122918299242 978.2312968688058 835.2002425580308 852.960075023031 797.8177081700758
0 199.20578255573196 111.23454042078755 223.45827565357342 130.84659483992357 70.06421744426802 320.53545957921244 45.81172434642657 300.9234051600764
0 690.5694810609227 748.1602367506986 778.82260310421 768.824119483928 773.5905189390774 791.1697632493014 685.3373968957901 770.5058805160719
0 290.2154876364898 559.84953101456 297.5165696718759 567.0722106497481 273.9145123635102 590.93046898544 266.6134303281241 583.7077893502519
0 314.03564725998285 665.4513814506978 319.79673650420705 670.0156284554165 301.7943527400172 692.7386185493023 296.033263495793 688.1743715445836
0 853.3650029556289 798.0432084077493 977.2276063044002 835.0053930248002 972.3749970443711 851.2667915922507 848.5123936955998 814.3046069751997
0 320.49564725998283 670.0313814506977 326.256736504207 674.5956284554164 308.25435274001717 697.3186185493022 302.493263495793 692.7543715445835
0 321.7247571270407 523.9402298338857 328.6099493831433 530.3544505657053 299.86524287295936 561.2097701661144 292.9800506168567 554.7955494342948
