0 752.0483148298258 228.81708981004684 758.4460338234742 222.05356323892218 777.4216851701742 240.00291018995316 771.0239661765258 246.7664367610778
0 894.6610642817484 252.65630203581597 934.3507929412858 246.52841178448975 937.2789357182517 265.49369796418404 897.5892070587142 271.62158821551026
0 317.3673261467251 670.0404882014494 343.7118613079101 644.3317043496005 499.6826738532749 804.1595117985506 473.33813869208984 829.8682956503995
0 796.757013722461 267.49367849118596 823.6681519545128 263.3387369686857 825.1329862775391 272.8263215088141 798.2218480454873 276.98126303131437
0 744.4421372052668 236.26697268196983 748.7563514820524 230.19325428431762 765.6078627947331 242.16302731803017 761.2936485179475 248.2367457156824
0 828.6764936621703 262.97545318909584 872.7625868267835 257.96413704649984 874.8735063378297 276.53454681090415 830.7874131732165 281.54586295350015
0 772.658078527694 251.68113683632075 779.711775853729 245.82159299463092 796.331921472306 265.8288631636793 789.278224146271 271.68840700536913
0 411.49198584941837 524.8082277738639 657.1216981604457 556.9211975836148 652.3680141505815 593.281772226136 406.7383018395542 561.1688024163851
0 797.4870137224609 277.9736784911859 824.3981519545127 273.81873696868564 825.862986277539 283.30632150881405 798.9518480454872 287.46126303131433
0 970.5784902577598 238.53932281819672 1019.6569744517992 230.96185693470917 1023.5815097422403 256.3806771818033 974.5030255482009 263.95814306529087
