0 937.2377410545322 246.0971550224366 965.7143480990902 250.40097323767623 964.1422589454679 260.8028449775634 935.6656519009099 256.49902676232375
0 934.27 266.34000000000003 962.22 266.34000000000003 962.22 273.65 934.27 273.65
0 1.080514251750202 289.10659686498565 30.725833598951766 249.9161051507645 285.63948574824985 442.7434031350144 255.99416640104826 481.9338948492355
0 840.6846328999451 76.2817076854498 843.617319438168 56.55854998521006 967.495367100055 74.97829231455019 964.562680561832 94.70145001478993
0 929.5648808040621 213.3237572233279 963.2124203553676 218.06543225893904 961.6551191959379 229.1162427766721 928.0075796446324 224.37456774106096
0 932.12 274.94 962.2199999999999 274.94 962.2199999999999 283.10999999999996 932.12 283.10999999999996
0 353.52980559797425 344.20512757558527 396.1638047487015 287.8438730081451 801.1401944020258 594.1848724244147 758.5061952512985 650.5461269918549
0 460.6410063761741 330.1917895636067 503.52515107824115 271.0789226633101 858.4289936238258 528.5482104363933 815.5448489217588 587.6610773366899
0 672.1903710858525 357.8050071888595 695.000495719912 327.65049982795796 883.6396289141475 470.34499281114046 860.8295042800879 500.499500172042
0 1.7308716790372216 411.5346118522312 33.25240069595384 369.8638102228446 191.05912832096277 489.2353881477688 159.53759930404615 530.9061897771554
0 493.4743475318572 161.89846921962803 515.3252524312393 133.0120302719461 702.2656524681429 274.421530780372 680.4147475687607 303.3079697280539
0 361.6500933739241 560.1794586789655 419.3058355394116 483.9597742441239 823.7399066260759 789.8905413210344 766.0841644605885 866.1102257558761
0 753.3267581261784 300.7501025671259 770.134218382854 278.5309918801458 905.9132418738216 381.2398974328741 889.105781617146 403.4590081198542
0 402.31689782512717 155.47761452129896 430.8944065242915 117.69874613500149 700.9531021748728 321.982385478701 672.3755934757085 359.7612538649985
0 69.74135621901502 132.6305933344816 108.50227945991247 81.3894640581546 386.40864378098496 291.6094066655184 347.6477205400875 342.8505359418454
0 911.9938207146369 283.0142486770185 948.1467718740968 300.47811487158435 943.6361792853633 309.81575132298155 907.4832281259033 292.3518851284157
