0 428.7842399926909 140.5587173037191 471.17749174772746 87.87782318038364 786.335760007309 341.4912826962809 743.9425082522724 394.17217681961637
0 634.3427192211877 624.352029394418 653.7840799666649 593.1773426700222 915.9772807788122 756.687970605582 896.5359200333351 787.8626573299778
0 453.0139956975787 63.00678435361496 503.3818431687358 0.4160858344080509 870.8860043024214 296.1532156463851 820.5181568312643 358.74391416559195
0 896.161058472094 375.26267006039956 915.0004139178031 351.8515362478259 1019.068941527906 435.59732993960046 1000.2295860821969 459.0084637521741
0 239.8904163114724 658.3318604453307 282.13726389222376 601.3060349845032 693.5395836885275 906.0881395546694 651.2927361077761 963.1139650154969
0 312.97574501448025 879.468424872939 338.7572156178668 844.6679669229821 533.4742549855198 988.9215751270611 507.69278438213325 1023.722033077018
0 710.2757017254406 146.0030810232522 754.9184540220662 90.52679624324799 1022.4784982745595 305.8371189767478 977.8357459779339 361.313403756752
0 850.0390402518642 492.68636611300974 874.9930750635465 459.00280117968725 1022.8809597481359 568.5636338869903 997.9269249364536 602.2471988203127
0 904.5075734810865 483.0086704459085 915.7114788152675 466.18854543856344 982.6424265189136 510.7713295540915 971.4385211847326 527.5914545614365
0 400.98976072664067 847.8581795846111 421.7589943759631 819.8233613469293 603.7402392733593 954.6418204153889 582.9710056240369 982.6766386530707
0 840.0024551933012 139.37282660818755 880.9191528736045 88.52680444343353 1023.7525448066989 203.46737339181243 982.8358471263956 254.31339555656643
