0 670.0338343933489 648.3951525863804 682.159506134724 674.0985470085266 458.04616560665096 779.8248474136196 445.9204938652759 754.1214529914735
0 860.2516498145483 807.8650842888076 885.0270699668133 856.5428302953633 621.5683501854517 990.6349157111924 596.7929300331866 941.9571697046367
0 411.66000576896914 740.278266268326 426.111578197588 768.6721327598834 214.93999423103088 876.1517337316741 200.488421802412 847.7578672401166
0 537.2035577729291 576.8547053691602 546.5635084946462 562.1748067834401 579.186442227071 582.9752946308397 569.8264915053539 597.6551932165598
0 509.35746924634134 243.4374380953849 520.6689573737304 235.307546562041 542.8525307536587 266.1725619046151 531.5410426262696 274.302453437959
0 433.1089071108844 260.8182599107192 467.1693218940966 317.5371610354371 241.5710928891156 453.01174008928086 207.5106781059034 396.2928389645629
0 80.11504566172667 64.56361725209052 105.68702371326847 89.35995445199697 26.264954338273334 171.2663827479095 0.692976286731529 146.47004554800304
0 765.6254302864771 735.4174365888579 800.5987347425122 809.5521037522402 386.504569713523 1004.9025634111421 351.5312652574879 930.7678962477597
0 366.6603373264481 665.3187984764819 378.98454394558104 689.5329024493511 216.0896626735519 772.4412015235181 203.76545605441896 748.2270975506489
0 263.9997479699057 980.3239525502325 268.7262195551602 989.6103332420727 241.66025203009437 1003.3860474497675 236.93378044483987 994.0996667579274
0 789.6443083742074 483.5916600286372 813.172339192552 529.8185857950238 552.6456916257926 662.4183399713628 529.1176608074479 616.1914142049762
0 524.4934906849528 970.2156566882473 567.9269361815909 949.0640157994047 593.7765093150472 1002.1443433117526 550.3430638184091 1023.2959842005952
0 169.92042310168154 870.7357482590425 173.1944405968091 876.443393083451 153.85957689831844 887.5342517409575 150.58555940319087 881.8266069165489
0 296.49211179655174 418.34368393114306 314.10115118143995 449.0417918849153 92.51788820344828 576.146316068857 74.90884881856007 545.4482081150848
0 266.2899593287881 474.75505862188265 284.05583158689524 495.391111609521 189.2800406712119 576.9849413781174 171.51416841310476 556.348888390479
0 211.65747214367144 649.9546870877446 219.54097273404795 665.4438710056122 113.36252785632854 719.4853129122555 105.47902726595203 703.9961289943878
0 834.8841450743423 209.9946452371778 882.3721425450983 301.0334968128511 396.6158549256577 554.4153547628222 349.1278574549017 463.37650318714884
0 396.1488179792882 682.8978431849068 412.6234291094652 715.2664945023382 169.59118202071178 838.9621568150931 153.1165708905348 806.5935054976617
0 180.71295749034243 714.8417496279174 186.62812846072285 725.9103201043235 147.03704250965757 747.0682503720827 141.12187153927715 735.9996798956765
0 344.60501792593357 101.9051755833943 373.55938186882395 146.02226647414375 78.78498207406642 339.4848244166057 49.83061813117604 295.36773352585624
0 226.42217181755763 988.9377465859252 234.74566064571695 1005.2914016430525 198.84782818244236 1023.5622534140748 190.52433935428303 1007.2085983569475
0 134.5850356561731 909.0037523518434 147.16723339203344 935.6748678166251 12.644964343826885 999.1362476481567 0.06276660796653744 972.465132183375
0 165.4929076996348 863.5626686950864 169.51328176659993 870.5714483578861 150.1870923003652 881.6573313049137 146.16671823340008 874.648551642114
0 803.6555826688917 445.01380127613015 816.1683577500033 470.21876229116674 592.9244173311082 581.0461987238698 580.4116422499966 555.8412377088332
0 330.51560642160587 975.6562883194304 334.77367130474886 984.6823219694311 307.0443935783941 997.7637116805697 302.7863286952511 988.737678030569
0 364.85940981668045 956.3686042856879 369.5398679096743 966.2900060031735 341.8105901833195 979.3713957143121 337.1301320903257 969.4499939968265
0 750.9884644394685 368.3329182134083 774.149540254966 411.67232484373466 497.9115355605316 559.2970817865918 474.7504597450341 515.9576751562654
0 851.3492575996293 519.2935831823377 867.5244952896653 551.0740376421284 686.2707424003706 643.3264168176622 670.0955047103346 611.5459623578715
0 321.108683188281 229.71938854030017 342.83577870321693 264.3134009079751 163.562916811719 376.90741145969986 141.83582129678308 342.3133990920249
0 296.23849652837634 49.95236347056239 325.1928604712667 94.06945436131186 66.55150347162368 263.8176365294376 37.597139528733294 219.70054563868814
0 301.03781911556746 989.060187625719 306.7698375872801 999.052903184562 278.8821808844325 1015.0498123742809 273.15016241271985 1005.057096815438
0 336.2902636473849 513.7165582324947 353.3545497354151 547.2437791180059 161.86973635261512 644.7034417675054 144.80545026458492 611.1762208819941
0 651.8436054049198 621.1669760705826 663.8894858934527 645.431453465655 441.9263945950802 755.6230239294174 429.88051410654725 731.358546534345
0 925.0404909558451 75.23979892757218 956.7756003426409 140.80311513570882 579.5795090441547 323.38020107242784 547.844399657359 257.8168848642912
0 970.7924396326598 20.411251431939533 983.7498734355149 26.670405467800137 966.8775603673403 61.59874856806047 953.9201265644851 55.33959453219987
